Resets: 1
----------
2 3 4 | 1 8 5 | 6 7 9 
8 5 7 | 6 3 9 | 1 2 4 
6 9 1 | 4 2 7 | 5 3 8 
---------------------
4 6 8 | 3 9 2 | 7 1 5 
7 1 3 | 5 6 8 | 9 4 2 
9 2 5 | 7 4 1 | 3 8 6 
---------------------
5 4 6 | 8 7 3 | 2 9 1 
3 8 9 | 2 1 6 | 4 5 7 
1 7 2 | 9 5 4 | 8 6 3 


Resets: 10
----------
6 8 4 | 7 3 1 | 5 9 2 
3 2 7 | 9 8 5 | 1 6 4 
5 1 9 | 4 6 2 | 7 3 8 
---------------------
8 7 6 | 5 2 9 | 3 4 1 
1 3 2 | 6 7 4 | 9 8 5 
9 4 5 | 3 1 8 | 6 2 7 
---------------------
4 9 3 | 8 5 7 | 2 1 6 
2 5 8 | 1 9 6 | 4 7 3 
7 6 1 | 2 4 3 | 8 5 9 


Resets: 16
----------
5 2 3 | 4 1 6 | 8 7 9 
7 6 8 | 2 9 5 | 4 1 3 
4 9 1 | 8 7 3 | 6 5 2 
---------------------
1 3 9 | 7 6 2 | 5 8 4 
8 4 7 | 5 3 1 | 9 2 6 
2 5 6 | 9 4 8 | 1 3 7 
---------------------
3 8 4 | 6 5 7 | 2 9 1 
6 1 5 | 3 2 9 | 7 4 8 
9 7 2 | 1 8 4 | 3 6 5 


Resets: 15
----------
5 8 6 | 1 4 7 | 3 2 9 
3 1 4 | 9 2 6 | 7 5 8 
9 2 7 | 3 5 8 | 6 4 1 
---------------------
8 9 5 | 4 7 2 | 1 6 3 
4 6 3 | 8 1 9 | 2 7 5 
1 7 2 | 5 6 3 | 8 9 4 
---------------------
6 4 1 | 7 3 5 | 9 8 2 
7 3 9 | 2 8 4 | 5 1 6 
2 5 8 | 6 9 1 | 4 3 7 


Resets: 6
----------
3 8 2 | 7 1 5 | 9 6 4 
7 1 9 | 2 6 4 | 8 5 3 
6 5 4 | 8 9 3 | 2 7 1 
---------------------
9 6 3 | 1 8 7 | 4 2 5 
4 2 1 | 3 5 6 | 7 9 8 
8 7 5 | 9 4 2 | 1 3 6 
---------------------
5 4 7 | 6 2 1 | 3 8 9 
2 9 6 | 4 3 8 | 5 1 7 
1 3 8 | 5 7 9 | 6 4 2 


Resets: 61
----------
2 7 1 | 5 8 9 | 6 4 3 
8 6 3 | 4 7 1 | 2 9 5 
5 9 4 | 6 2 3 | 8 7 1 
---------------------
3 1 6 | 8 9 7 | 5 2 4 
4 8 5 | 2 3 6 | 7 1 9 
9 2 7 | 1 5 4 | 3 6 8 
---------------------
7 3 2 | 9 4 5 | 1 8 6 
6 5 9 | 7 1 8 | 4 3 2 
1 4 8 | 3 6 2 | 9 5 7 


Resets: 12
----------
3 7 4 | 8 5 9 | 1 6 2 
8 5 2 | 6 1 4 | 7 9 3 
1 6 9 | 7 2 3 | 5 4 8 
---------------------
5 9 6 | 1 3 8 | 2 7 4 
7 2 8 | 4 9 6 | 3 1 5 
4 3 1 | 5 7 2 | 6 8 9 
---------------------
9 4 5 | 3 6 1 | 8 2 7 
6 8 3 | 2 4 7 | 9 5 1 
2 1 7 | 9 8 5 | 4 3 6 


Resets: 28
----------
5 8 6 | 4 2 7 | 3 1 9 
2 3 1 | 8 9 5 | 7 6 4 
9 4 7 | 3 1 6 | 5 8 2 
---------------------
1 5 3 | 2 4 8 | 9 7 6 
7 2 8 | 9 6 1 | 4 5 3 
6 9 4 | 5 7 3 | 8 2 1 
---------------------
8 1 5 | 6 3 4 | 2 9 7 
3 6 2 | 7 5 9 | 1 4 8 
4 7 9 | 1 8 2 | 6 3 5 


Resets: 0
----------
1 7 8 | 3 2 6 | 4 5 9 
5 9 2 | 7 1 4 | 6 3 8 
6 4 3 | 5 8 9 | 1 2 7 
---------------------
3 5 4 | 6 7 2 | 8 9 1 
9 8 7 | 1 4 5 | 2 6 3 
2 6 1 | 9 3 8 | 7 4 5 
---------------------
8 1 5 | 2 6 3 | 9 7 4 
4 2 9 | 8 5 7 | 3 1 6 
7 3 6 | 4 9 1 | 5 8 2 


Resets: 4
----------
8 1 9 | 2 4 7 | 3 5 6 
5 7 3 | 1 6 8 | 2 4 9 
6 2 4 | 9 3 5 | 7 8 1 
---------------------
1 6 5 | 8 7 4 | 9 2 3 
4 9 7 | 5 2 3 | 6 1 8 
2 3 8 | 6 1 9 | 4 7 5 
---------------------
9 4 1 | 7 8 6 | 5 3 2 
3 8 6 | 4 5 2 | 1 9 7 
7 5 2 | 3 9 1 | 8 6 4 


Resets: 3
----------
9 5 1 | 7 3 8 | 6 4 2 
4 7 2 | 6 1 9 | 8 5 3 
3 6 8 | 5 2 4 | 7 1 9 
---------------------
2 3 6 | 1 8 5 | 9 7 4 
7 1 9 | 4 6 2 | 5 3 8 
8 4 5 | 3 9 7 | 1 2 6 
---------------------
1 2 4 | 8 7 6 | 3 9 5 
5 8 3 | 9 4 1 | 2 6 7 
6 9 7 | 2 5 3 | 4 8 1 


Resets: 13
----------
8 3 4 | 2 7 1 | 6 5 9 
2 5 7 | 9 6 8 | 3 1 4 
9 6 1 | 4 5 3 | 7 2 8 
---------------------
7 9 3 | 1 4 2 | 8 6 5 
6 2 5 | 8 9 7 | 4 3 1 
4 1 8 | 5 3 6 | 9 7 2 
---------------------
5 7 9 | 6 1 4 | 2 8 3 
1 8 6 | 3 2 9 | 5 4 7 
3 4 2 | 7 8 5 | 1 9 6 


Resets: 4
----------
1 9 7 | 4 3 2 | 5 8 6 
6 8 2 | 5 1 9 | 4 7 3 
4 3 5 | 8 6 7 | 2 9 1 
---------------------
2 7 3 | 9 5 1 | 6 4 8 
8 1 9 | 2 4 6 | 3 5 7 
5 6 4 | 3 7 8 | 9 1 2 
---------------------
7 2 1 | 6 9 4 | 8 3 5 
3 4 8 | 1 2 5 | 7 6 9 
9 5 6 | 7 8 3 | 1 2 4 


Resets: 0
----------
9 6 3 | 2 4 5 | 8 1 7 
4 5 1 | 9 8 7 | 6 2 3 
8 7 2 | 6 1 3 | 9 4 5 
---------------------
2 3 8 | 1 7 9 | 4 5 6 
7 1 4 | 5 6 2 | 3 8 9 
5 9 6 | 4 3 8 | 2 7 1 
---------------------
1 4 7 | 3 2 6 | 5 9 8 
3 2 5 | 8 9 1 | 7 6 4 
6 8 9 | 7 5 4 | 1 3 2 


Resets: 7
----------
3 8 4 | 1 9 5 | 6 7 2 
7 2 9 | 6 4 3 | 5 8 1 
5 1 6 | 7 2 8 | 3 9 4 
---------------------
8 6 3 | 2 1 7 | 9 4 5 
4 5 2 | 3 8 9 | 7 1 6 
1 9 7 | 4 5 6 | 8 2 3 
---------------------
9 4 8 | 5 3 2 | 1 6 7 
2 7 5 | 9 6 1 | 4 3 8 
6 3 1 | 8 7 4 | 2 5 9 


Resets: 11
----------
9 1 6 | 8 5 4 | 7 2 3 
3 7 5 | 9 2 1 | 8 4 6 
4 2 8 | 6 7 3 | 1 5 9 
---------------------
5 3 2 | 1 6 9 | 4 8 7 
6 9 4 | 5 8 7 | 3 1 2 
1 8 7 | 3 4 2 | 9 6 5 
---------------------
7 4 9 | 2 1 6 | 5 3 8 
8 6 3 | 4 9 5 | 2 7 1 
2 5 1 | 7 3 8 | 6 9 4 


Resets: 3
----------
6 5 7 | 9 1 4 | 8 3 2 
2 4 1 | 3 8 6 | 9 7 5 
8 9 3 | 2 5 7 | 1 4 6 
---------------------
1 7 2 | 5 6 8 | 4 9 3 
5 8 9 | 4 2 3 | 7 6 1 
3 6 4 | 7 9 1 | 2 5 8 
---------------------
4 3 5 | 8 7 2 | 6 1 9 
7 2 6 | 1 3 9 | 5 8 4 
9 1 8 | 6 4 5 | 3 2 7 


Resets: 25
----------
5 6 1 | 7 4 8 | 3 2 9 
4 9 3 | 5 2 1 | 7 6 8 
8 7 2 | 9 3 6 | 4 5 1 
---------------------
7 5 4 | 8 6 9 | 2 1 3 
2 8 9 | 3 1 4 | 5 7 6 
1 3 6 | 2 5 7 | 8 9 4 
---------------------
6 2 8 | 1 7 3 | 9 4 5 
3 1 5 | 4 9 2 | 6 8 7 
9 4 7 | 6 8 5 | 1 3 2 


Resets: 1
----------
2 8 1 | 3 7 9 | 5 4 6 
9 5 3 | 4 8 6 | 1 2 7 
7 4 6 | 2 1 5 | 9 8 3 
---------------------
3 7 8 | 9 6 2 | 4 5 1 
4 6 2 | 8 5 1 | 3 7 9 
5 1 9 | 7 4 3 | 2 6 8 
---------------------
8 2 4 | 1 9 7 | 6 3 5 
6 9 7 | 5 3 4 | 8 1 2 
1 3 5 | 6 2 8 | 7 9 4 


Resets: 1
----------
8 3 4 | 1 6 2 | 7 5 9 
9 5 6 | 3 8 7 | 1 4 2 
1 7 2 | 9 4 5 | 3 8 6 
---------------------
2 1 8 | 7 5 3 | 6 9 4 
6 9 5 | 8 1 4 | 2 3 7 
3 4 7 | 2 9 6 | 5 1 8 
---------------------
7 8 9 | 6 3 1 | 4 2 5 
5 6 3 | 4 2 9 | 8 7 1 
4 2 1 | 5 7 8 | 9 6 3 


Resets: 24
----------
2 6 1 | 7 8 9 | 4 3 5 
4 5 7 | 3 1 6 | 8 2 9 
9 3 8 | 5 2 4 | 7 1 6 
---------------------
7 9 5 | 1 6 8 | 3 4 2 
3 1 2 | 9 4 7 | 6 5 8 
8 4 6 | 2 5 3 | 1 9 7 
---------------------
5 7 9 | 6 3 1 | 2 8 4 
1 2 4 | 8 7 5 | 9 6 3 
6 8 3 | 4 9 2 | 5 7 1 


Resets: 0
----------
1 4 6 | 5 3 8 | 2 9 7 
7 5 8 | 9 1 2 | 6 4 3 
2 9 3 | 6 7 4 | 1 8 5 
---------------------
6 2 5 | 7 9 3 | 8 1 4 
9 3 4 | 2 8 1 | 5 7 6 
8 1 7 | 4 5 6 | 9 3 2 
---------------------
3 7 1 | 8 2 5 | 4 6 9 
5 6 9 | 1 4 7 | 3 2 8 
4 8 2 | 3 6 9 | 7 5 1 


Resets: 13
----------
7 5 6 | 8 3 1 | 2 9 4 
4 8 2 | 5 9 6 | 1 7 3 
3 1 9 | 2 7 4 | 5 6 8 
---------------------
9 4 1 | 7 6 5 | 3 8 2 
6 2 3 | 1 8 9 | 7 4 5 
8 7 5 | 3 4 2 | 9 1 6 
---------------------
5 9 8 | 6 2 7 | 4 3 1 
1 3 7 | 4 5 8 | 6 2 9 
2 6 4 | 9 1 3 | 8 5 7 


Resets: 4
----------
1 6 9 | 4 2 7 | 8 5 3 
8 7 3 | 1 6 5 | 9 4 2 
4 2 5 | 3 9 8 | 1 7 6 
---------------------
9 3 2 | 8 4 1 | 5 6 7 
6 1 8 | 7 5 2 | 3 9 4 
7 5 4 | 6 3 9 | 2 1 8 
---------------------
3 8 6 | 9 1 4 | 7 2 5 
2 4 1 | 5 7 3 | 6 8 9 
5 9 7 | 2 8 6 | 4 3 1 


Resets: 1
----------
3 9 5 | 7 6 2 | 4 1 8 
8 4 2 | 1 3 5 | 9 7 6 
1 7 6 | 9 8 4 | 2 3 5 
---------------------
9 6 3 | 2 5 8 | 7 4 1 
2 8 4 | 3 7 1 | 5 6 9 
5 1 7 | 4 9 6 | 3 8 2 
---------------------
4 3 1 | 6 2 9 | 8 5 7 
7 2 8 | 5 1 3 | 6 9 4 
6 5 9 | 8 4 7 | 1 2 3 


Resets: 12
----------
9 7 5 | 8 3 6 | 2 1 4 
8 6 2 | 1 9 4 | 7 5 3 
1 3 4 | 2 5 7 | 8 6 9 
---------------------
3 9 6 | 7 1 8 | 4 2 5 
7 2 1 | 3 4 5 | 6 9 8 
4 5 8 | 9 6 2 | 3 7 1 
---------------------
2 4 7 | 5 8 9 | 1 3 6 
5 8 3 | 6 2 1 | 9 4 7 
6 1 9 | 4 7 3 | 5 8 2 


Resets: 17
----------
4 5 8 | 9 3 7 | 1 6 2 
7 6 3 | 1 8 2 | 4 9 5 
9 1 2 | 6 4 5 | 8 3 7 
---------------------
3 7 1 | 2 6 8 | 5 4 9 
2 8 5 | 4 1 9 | 6 7 3 
6 9 4 | 5 7 3 | 2 1 8 
---------------------
1 3 9 | 8 2 6 | 7 5 4 
8 4 7 | 3 5 1 | 9 2 6 
5 2 6 | 7 9 4 | 3 8 1 


Resets: 16
----------
8 9 2 | 7 3 1 | 5 4 6 
4 7 6 | 8 9 5 | 2 1 3 
5 1 3 | 2 4 6 | 7 8 9 
---------------------
6 4 8 | 1 7 3 | 9 2 5 
2 3 9 | 6 5 8 | 1 7 4 
1 5 7 | 4 2 9 | 3 6 8 
---------------------
3 6 4 | 9 1 7 | 8 5 2 
7 8 5 | 3 6 2 | 4 9 1 
9 2 1 | 5 8 4 | 6 3 7 


Resets: 1
----------
7 5 4 | 2 8 6 | 3 1 9 
9 2 3 | 1 7 5 | 4 8 6 
6 1 8 | 3 9 4 | 7 5 2 
---------------------
3 8 7 | 4 5 2 | 9 6 1 
1 4 2 | 8 6 9 | 5 7 3 
5 6 9 | 7 3 1 | 2 4 8 
---------------------
8 3 5 | 9 1 7 | 6 2 4 
4 7 1 | 6 2 3 | 8 9 5 
2 9 6 | 5 4 8 | 1 3 7 


Resets: 6
----------
4 8 6 | 1 7 3 | 2 9 5 
9 3 7 | 2 6 5 | 1 4 8 
5 2 1 | 4 9 8 | 3 6 7 
---------------------
2 7 4 | 5 8 9 | 6 3 1 
8 6 3 | 7 4 1 | 5 2 9 
1 5 9 | 6 3 2 | 8 7 4 
---------------------
6 9 8 | 3 5 4 | 7 1 2 
7 4 2 | 8 1 6 | 9 5 3 
3 1 5 | 9 2 7 | 4 8 6 


Resets: 0
----------
8 7 9 | 2 3 5 | 1 4 6 
3 4 1 | 8 9 6 | 7 5 2 
5 2 6 | 1 4 7 | 8 3 9 
---------------------
6 8 5 | 7 1 9 | 4 2 3 
4 1 2 | 3 5 8 | 9 6 7 
7 9 3 | 6 2 4 | 5 1 8 
---------------------
2 5 8 | 4 7 3 | 6 9 1 
9 3 7 | 5 6 1 | 2 8 4 
1 6 4 | 9 8 2 | 3 7 5 


Resets: 30
----------
2 3 5 | 1 8 6 | 4 7 9 
6 4 8 | 7 9 3 | 1 5 2 
1 9 7 | 2 5 4 | 6 8 3 
---------------------
8 1 3 | 4 7 5 | 9 2 6 
9 5 2 | 6 1 8 | 7 3 4 
7 6 4 | 3 2 9 | 5 1 8 
---------------------
4 2 6 | 5 3 1 | 8 9 7 
5 7 9 | 8 4 2 | 3 6 1 
3 8 1 | 9 6 7 | 2 4 5 


Resets: 8
----------
4 2 5 | 1 8 3 | 6 9 7 
8 7 3 | 6 4 9 | 1 5 2 
1 9 6 | 5 7 2 | 3 4 8 
---------------------
9 5 4 | 3 6 8 | 2 7 1 
6 8 7 | 2 9 1 | 4 3 5 
3 1 2 | 7 5 4 | 8 6 9 
---------------------
5 4 1 | 9 2 6 | 7 8 3 
2 6 9 | 8 3 7 | 5 1 4 
7 3 8 | 4 1 5 | 9 2 6 


Resets: 12
----------
5 7 4 | 3 6 2 | 8 9 1 
3 1 2 | 7 8 9 | 5 4 6 
8 9 6 | 4 1 5 | 7 3 2 
---------------------
6 2 9 | 8 7 4 | 1 5 3 
7 4 5 | 2 3 1 | 6 8 9 
1 3 8 | 5 9 6 | 2 7 4 
---------------------
2 8 7 | 6 4 3 | 9 1 5 
4 6 1 | 9 5 7 | 3 2 8 
9 5 3 | 1 2 8 | 4 6 7 


Resets: 6
----------
4 9 2 | 6 7 1 | 8 3 5 
7 5 6 | 4 3 8 | 2 1 9 
1 3 8 | 2 9 5 | 4 6 7 
---------------------
3 7 5 | 8 4 9 | 6 2 1 
9 6 4 | 1 2 7 | 5 8 3 
2 8 1 | 3 5 6 | 7 9 4 
---------------------
5 2 7 | 9 6 3 | 1 4 8 
8 4 9 | 5 1 2 | 3 7 6 
6 1 3 | 7 8 4 | 9 5 2 


Resets: 8
----------
6 1 2 | 5 9 8 | 4 3 7 
7 5 9 | 4 6 3 | 2 1 8 
8 3 4 | 2 7 1 | 6 5 9 
---------------------
4 6 5 | 3 1 9 | 7 8 2 
3 7 1 | 6 8 2 | 9 4 5 
2 9 8 | 7 4 5 | 1 6 3 
---------------------
1 2 3 | 9 5 4 | 8 7 6 
5 4 6 | 8 2 7 | 3 9 1 
9 8 7 | 1 3 6 | 5 2 4 


Resets: 13
----------
9 4 5 | 8 3 6 | 1 2 7 
1 6 7 | 9 2 5 | 4 8 3 
8 2 3 | 4 7 1 | 5 6 9 
---------------------
2 9 1 | 7 5 4 | 8 3 6 
4 3 8 | 2 6 9 | 7 5 1 
7 5 6 | 3 1 8 | 9 4 2 
---------------------
3 8 4 | 1 9 2 | 6 7 5 
6 1 2 | 5 4 7 | 3 9 8 
5 7 9 | 6 8 3 | 2 1 4 


Resets: 3
----------
4 7 6 | 5 2 1 | 8 3 9 
1 9 5 | 3 8 6 | 4 2 7 
8 3 2 | 4 9 7 | 6 5 1 
---------------------
7 8 3 | 6 5 2 | 1 9 4 
5 1 9 | 8 7 4 | 3 6 2 
6 2 4 | 9 1 3 | 5 7 8 
---------------------
2 6 1 | 7 3 8 | 9 4 5 
3 5 7 | 1 4 9 | 2 8 6 
9 4 8 | 2 6 5 | 7 1 3 


Resets: 17
----------
4 9 8 | 7 5 1 | 6 2 3 
1 3 5 | 2 8 6 | 9 7 4 
2 7 6 | 4 9 3 | 5 1 8 
---------------------
9 5 7 | 1 4 2 | 8 3 6 
3 6 2 | 5 7 8 | 1 4 9 
8 1 4 | 6 3 9 | 2 5 7 
---------------------
7 4 1 | 8 6 5 | 3 9 2 
5 8 3 | 9 2 7 | 4 6 1 
6 2 9 | 3 1 4 | 7 8 5 


Resets: 2
----------
5 2 1 | 8 9 3 | 7 4 6 
7 4 6 | 2 1 5 | 9 3 8 
8 9 3 | 6 4 7 | 5 1 2 
---------------------
3 7 4 | 1 5 6 | 2 8 9 
6 5 9 | 4 2 8 | 1 7 3 
1 8 2 | 3 7 9 | 4 6 5 
---------------------
9 3 5 | 7 6 1 | 8 2 4 
2 6 7 | 5 8 4 | 3 9 1 
4 1 8 | 9 3 2 | 6 5 7 


Resets: 12
----------
5 4 6 | 8 1 7 | 3 9 2 
3 8 1 | 6 2 9 | 5 7 4 
2 9 7 | 3 5 4 | 8 6 1 
---------------------
8 3 4 | 9 6 5 | 2 1 7 
7 6 9 | 2 8 1 | 4 3 5 
1 5 2 | 7 4 3 | 9 8 6 
---------------------
9 1 5 | 4 3 6 | 7 2 8 
6 2 3 | 5 7 8 | 1 4 9 
4 7 8 | 1 9 2 | 6 5 3 


Resets: 3
----------
2 1 8 | 5 9 3 | 7 6 4 
6 7 3 | 4 1 2 | 5 8 9 
9 4 5 | 8 7 6 | 2 3 1 
---------------------
8 9 1 | 7 4 5 | 3 2 6 
5 3 4 | 2 6 1 | 8 9 7 
7 2 6 | 3 8 9 | 4 1 5 
---------------------
1 5 2 | 9 3 4 | 6 7 8 
4 8 9 | 6 2 7 | 1 5 3 
3 6 7 | 1 5 8 | 9 4 2 


Resets: 19
----------
6 8 4 | 7 5 2 | 9 1 3 
2 9 5 | 6 3 1 | 7 8 4 
1 3 7 | 4 8 9 | 2 6 5 
---------------------
3 2 1 | 9 6 4 | 8 5 7 
8 4 6 | 5 1 7 | 3 2 9 
7 5 9 | 8 2 3 | 1 4 6 
---------------------
9 7 8 | 1 4 6 | 5 3 2 
5 6 2 | 3 7 8 | 4 9 1 
4 1 3 | 2 9 5 | 6 7 8 


Resets: 11
----------
6 9 4 | 2 3 5 | 7 1 8 
1 2 3 | 4 7 8 | 9 5 6 
7 5 8 | 9 6 1 | 3 4 2 
---------------------
5 3 1 | 6 8 2 | 4 9 7 
8 6 7 | 3 4 9 | 5 2 1 
9 4 2 | 5 1 7 | 6 8 3 
---------------------
3 8 6 | 1 9 4 | 2 7 5 
2 7 9 | 8 5 6 | 1 3 4 
4 1 5 | 7 2 3 | 8 6 9 


Resets: 49
----------
3 2 7 | 9 5 8 | 4 6 1 
1 4 9 | 2 6 7 | 8 5 3 
5 8 6 | 3 1 4 | 9 2 7 
---------------------
6 5 1 | 7 4 3 | 2 9 8 
9 7 8 | 5 2 1 | 6 3 4 
2 3 4 | 6 8 9 | 7 1 5 
---------------------
8 6 3 | 1 7 2 | 5 4 9 
7 9 2 | 4 3 5 | 1 8 6 
4 1 5 | 8 9 6 | 3 7 2 


Resets: 17
----------
9 7 6 | 3 4 8 | 5 2 1 
1 4 3 | 5 2 9 | 8 7 6 
2 5 8 | 1 7 6 | 3 9 4 
---------------------
7 3 5 | 2 9 1 | 6 4 8 
8 6 2 | 4 5 3 | 9 1 7 
4 9 1 | 6 8 7 | 2 3 5 
---------------------
6 2 4 | 9 1 5 | 7 8 3 
3 8 9 | 7 6 4 | 1 5 2 
5 1 7 | 8 3 2 | 4 6 9 


Resets: 3
----------
3 2 4 | 8 7 6 | 9 1 5 
8 9 5 | 1 4 2 | 3 6 7 
6 1 7 | 5 3 9 | 2 4 8 
---------------------
7 4 9 | 6 2 8 | 5 3 1 
1 3 2 | 7 9 5 | 4 8 6 
5 8 6 | 3 1 4 | 7 9 2 
---------------------
9 5 1 | 4 8 7 | 6 2 3 
4 6 8 | 2 5 3 | 1 7 9 
2 7 3 | 9 6 1 | 8 5 4 


Resets: 2
----------
7 6 1 | 8 3 2 | 5 4 9 
2 3 4 | 9 5 7 | 6 1 8 
8 5 9 | 4 1 6 | 3 7 2 
---------------------
9 2 6 | 3 8 1 | 4 5 7 
5 8 3 | 7 9 4 | 2 6 1 
1 4 7 | 6 2 5 | 8 9 3 
---------------------
4 7 2 | 1 6 8 | 9 3 5 
6 9 5 | 2 7 3 | 1 8 4 
3 1 8 | 5 4 9 | 7 2 6 


Resets: 21
----------
3 2 7 | 5 9 1 | 4 8 6 
1 5 4 | 6 2 8 | 9 3 7 
8 6 9 | 4 3 7 | 1 2 5 
---------------------
5 4 6 | 8 7 9 | 2 1 3 
2 3 8 | 1 5 4 | 6 7 9 
7 9 1 | 2 6 3 | 8 5 4 
---------------------
9 8 5 | 3 4 2 | 7 6 1 
4 1 3 | 7 8 6 | 5 9 2 
6 7 2 | 9 1 5 | 3 4 8 


Resets: 12
----------
5 2 4 | 7 1 8 | 6 3 9 
3 9 7 | 2 5 6 | 1 8 4 
6 8 1 | 4 3 9 | 7 2 5 
---------------------
7 5 9 | 1 6 3 | 2 4 8 
4 1 3 | 8 2 5 | 9 6 7 
2 6 8 | 9 7 4 | 3 5 1 
---------------------
9 3 5 | 6 4 1 | 8 7 2 
1 4 2 | 3 8 7 | 5 9 6 
8 7 6 | 5 9 2 | 4 1 3 


Resets: 7
----------
4 2 3 | 5 6 8 | 9 1 7 
9 8 7 | 3 1 4 | 5 2 6 
6 1 5 | 2 7 9 | 4 3 8 
---------------------
2 4 8 | 7 9 5 | 3 6 1 
7 3 9 | 6 8 1 | 2 5 4 
1 5 6 | 4 3 2 | 7 8 9 
---------------------
3 9 1 | 8 5 7 | 6 4 2 
8 6 2 | 9 4 3 | 1 7 5 
5 7 4 | 1 2 6 | 8 9 3 


Resets: 0
----------
7 4 8 | 5 6 2 | 9 3 1 
2 1 6 | 7 3 9 | 5 8 4 
3 5 9 | 8 4 1 | 7 2 6 
---------------------
1 3 4 | 6 8 5 | 2 9 7 
9 2 5 | 3 1 7 | 6 4 8 
6 8 7 | 9 2 4 | 3 1 5 
---------------------
8 7 2 | 1 5 3 | 4 6 9 
5 6 3 | 4 9 8 | 1 7 2 
4 9 1 | 2 7 6 | 8 5 3 


Resets: 5
----------
8 9 3 | 5 1 4 | 6 2 7 
7 5 2 | 9 8 6 | 3 1 4 
6 4 1 | 7 3 2 | 9 8 5 
---------------------
4 7 5 | 2 9 1 | 8 6 3 
9 2 6 | 8 7 3 | 4 5 1 
1 3 8 | 4 6 5 | 7 9 2 
---------------------
5 1 7 | 6 4 8 | 2 3 9 
2 8 9 | 3 5 7 | 1 4 6 
3 6 4 | 1 2 9 | 5 7 8 


Resets: 4
----------
8 7 9 | 2 1 5 | 3 4 6 
4 2 1 | 7 6 3 | 8 5 9 
3 6 5 | 8 4 9 | 2 7 1 
---------------------
7 1 6 | 9 2 8 | 5 3 4 
9 8 3 | 1 5 4 | 6 2 7 
2 5 4 | 3 7 6 | 1 9 8 
---------------------
5 4 8 | 6 9 2 | 7 1 3 
6 9 7 | 5 3 1 | 4 8 2 
1 3 2 | 4 8 7 | 9 6 5 


Resets: 14
----------
7 5 6 | 3 9 1 | 4 2 8 
2 9 1 | 8 4 5 | 6 3 7 
4 3 8 | 6 7 2 | 9 1 5 
---------------------
8 1 7 | 4 2 3 | 5 6 9 
3 4 5 | 7 6 9 | 2 8 1 
9 6 2 | 1 5 8 | 7 4 3 
---------------------
6 7 3 | 9 8 4 | 1 5 2 
1 2 4 | 5 3 7 | 8 9 6 
5 8 9 | 2 1 6 | 3 7 4 


Resets: 11
----------
4 9 8 | 1 7 2 | 5 3 6 
6 1 7 | 4 5 3 | 9 8 2 
2 5 3 | 6 8 9 | 4 7 1 
---------------------
1 6 4 | 9 3 5 | 8 2 7 
7 2 5 | 8 4 6 | 3 1 9 
8 3 9 | 7 2 1 | 6 4 5 
---------------------
5 8 1 | 2 6 4 | 7 9 3 
3 7 2 | 5 9 8 | 1 6 4 
9 4 6 | 3 1 7 | 2 5 8 


Resets: 37
----------
9 7 3 | 1 8 6 | 4 5 2 
8 1 2 | 4 5 9 | 7 3 6 
4 6 5 | 3 2 7 | 1 9 8 
---------------------
5 9 1 | 6 3 2 | 8 7 4 
3 2 8 | 7 1 4 | 5 6 9 
7 4 6 | 8 9 5 | 3 2 1 
---------------------
1 8 7 | 2 6 3 | 9 4 5 
2 3 9 | 5 4 1 | 6 8 7 
6 5 4 | 9 7 8 | 2 1 3 


Resets: 39
----------
2 3 9 | 6 4 5 | 7 1 8 
6 8 7 | 2 9 1 | 5 4 3 
5 1 4 | 3 7 8 | 2 9 6 
---------------------
9 6 1 | 4 5 2 | 8 3 7 
4 2 3 | 7 8 9 | 1 6 5 
8 7 5 | 1 3 6 | 9 2 4 
---------------------
3 4 2 | 8 1 7 | 6 5 9 
1 9 8 | 5 6 3 | 4 7 2 
7 5 6 | 9 2 4 | 3 8 1 


Resets: 1
----------
5 8 2 | 4 1 9 | 6 3 7 
4 6 1 | 3 7 5 | 8 9 2 
9 7 3 | 8 6 2 | 4 5 1 
---------------------
1 3 6 | 5 8 4 | 7 2 9 
2 5 8 | 6 9 7 | 3 1 4 
7 9 4 | 2 3 1 | 5 8 6 
---------------------
6 2 7 | 1 5 3 | 9 4 8 
8 1 5 | 9 4 6 | 2 7 3 
3 4 9 | 7 2 8 | 1 6 5 


Resets: 8
----------
1 9 3 | 8 6 2 | 7 5 4 
8 6 4 | 9 5 7 | 3 1 2 
7 5 2 | 3 1 4 | 6 8 9 
---------------------
9 1 7 | 4 8 6 | 2 3 5 
3 2 8 | 5 7 1 | 4 9 6 
6 4 5 | 2 3 9 | 8 7 1 
---------------------
5 3 6 | 1 2 8 | 9 4 7 
4 7 1 | 6 9 3 | 5 2 8 
2 8 9 | 7 4 5 | 1 6 3 


Resets: 3
----------
7 8 1 | 3 2 4 | 9 5 6 
5 6 3 | 7 8 9 | 1 2 4 
2 4 9 | 5 1 6 | 7 8 3 
---------------------
6 9 4 | 8 3 2 | 5 1 7 
8 7 2 | 6 5 1 | 4 3 9 
3 1 5 | 9 4 7 | 2 6 8 
---------------------
9 5 8 | 2 7 3 | 6 4 1 
1 3 7 | 4 6 5 | 8 9 2 
4 2 6 | 1 9 8 | 3 7 5 


Resets: 7
----------
1 5 2 | 8 4 3 | 9 6 7 
4 7 3 | 6 9 2 | 8 1 5 
6 8 9 | 1 5 7 | 2 3 4 
---------------------
7 9 6 | 2 3 5 | 4 8 1 
8 2 5 | 4 1 9 | 6 7 3 
3 4 1 | 7 8 6 | 5 9 2 
---------------------
2 3 7 | 9 6 4 | 1 5 8 
5 6 8 | 3 2 1 | 7 4 9 
9 1 4 | 5 7 8 | 3 2 6 


Resets: 13
----------
8 4 2 | 5 1 9 | 7 6 3 
9 6 7 | 4 3 2 | 8 1 5 
3 5 1 | 8 6 7 | 9 2 4 
---------------------
1 8 9 | 3 2 5 | 6 4 7 
5 3 4 | 7 9 6 | 2 8 1 
2 7 6 | 1 8 4 | 5 3 9 
---------------------
6 9 5 | 2 4 3 | 1 7 8 
4 2 8 | 9 7 1 | 3 5 6 
7 1 3 | 6 5 8 | 4 9 2 


Resets: 0
----------
4 1 2 | 6 8 9 | 7 3 5 
3 6 9 | 1 7 5 | 8 2 4 
8 7 5 | 4 2 3 | 6 9 1 
---------------------
1 5 3 | 7 4 6 | 2 8 9 
6 2 4 | 9 5 8 | 3 1 7 
9 8 7 | 3 1 2 | 4 5 6 
---------------------
2 4 8 | 5 9 7 | 1 6 3 
7 9 6 | 8 3 1 | 5 4 2 
5 3 1 | 2 6 4 | 9 7 8 


Resets: 68
----------
5 3 7 | 8 4 2 | 1 9 6 
9 6 2 | 1 3 7 | 4 5 8 
1 8 4 | 9 6 5 | 7 3 2 
---------------------
3 4 1 | 2 9 6 | 8 7 5 
2 7 9 | 5 8 4 | 6 1 3 
8 5 6 | 7 1 3 | 9 2 4 
---------------------
7 2 8 | 6 5 1 | 3 4 9 
4 9 5 | 3 7 8 | 2 6 1 
6 1 3 | 4 2 9 | 5 8 7 


Resets: 18
----------
7 8 9 | 2 3 1 | 5 4 6 
1 5 4 | 8 6 9 | 7 3 2 
3 6 2 | 4 7 5 | 8 1 9 
---------------------
5 2 8 | 7 1 6 | 3 9 4 
4 7 6 | 3 9 2 | 1 5 8 
9 3 1 | 5 4 8 | 6 2 7 
---------------------
6 1 5 | 9 8 4 | 2 7 3 
2 4 7 | 6 5 3 | 9 8 1 
8 9 3 | 1 2 7 | 4 6 5 


Resets: 24
----------
4 6 3 | 1 8 9 | 2 5 7 
7 8 2 | 6 4 5 | 1 9 3 
9 1 5 | 7 3 2 | 6 8 4 
---------------------
2 9 4 | 5 7 8 | 3 1 6 
8 5 6 | 2 1 3 | 4 7 9 
3 7 1 | 9 6 4 | 8 2 5 
---------------------
6 2 8 | 4 9 7 | 5 3 1 
5 4 7 | 3 2 1 | 9 6 8 
1 3 9 | 8 5 6 | 7 4 2 


Resets: 21
----------
1 2 9 | 7 4 6 | 3 8 5 
5 8 4 | 3 9 2 | 7 1 6 
3 6 7 | 1 5 8 | 4 2 9 
---------------------
4 9 8 | 5 3 7 | 2 6 1 
6 7 5 | 9 2 1 | 8 3 4 
2 3 1 | 6 8 4 | 9 5 7 
---------------------
9 1 6 | 8 7 3 | 5 4 2 
7 4 3 | 2 6 5 | 1 9 8 
8 5 2 | 4 1 9 | 6 7 3 


Resets: 4
----------
6 9 3 | 2 8 4 | 7 5 1 
1 8 7 | 5 6 3 | 9 4 2 
2 5 4 | 1 9 7 | 6 3 8 
---------------------
4 1 6 | 8 3 9 | 2 7 5 
8 7 5 | 4 1 2 | 3 9 6 
9 3 2 | 7 5 6 | 1 8 4 
---------------------
7 6 8 | 3 2 5 | 4 1 9 
3 2 1 | 9 4 8 | 5 6 7 
5 4 9 | 6 7 1 | 8 2 3 


Resets: 0
----------
8 7 4 | 3 1 2 | 5 9 6 
1 3 9 | 6 8 5 | 4 2 7 
6 2 5 | 9 4 7 | 3 8 1 
---------------------
9 6 1 | 8 5 3 | 7 4 2 
4 8 2 | 7 9 1 | 6 3 5 
7 5 3 | 2 6 4 | 8 1 9 
---------------------
5 1 8 | 4 2 6 | 9 7 3 
3 4 6 | 1 7 9 | 2 5 8 
2 9 7 | 5 3 8 | 1 6 4 


Resets: 6
----------
4 7 2 | 8 1 5 | 6 3 9 
6 9 8 | 7 3 2 | 5 1 4 
5 3 1 | 9 4 6 | 2 7 8 
---------------------
8 4 5 | 1 7 9 | 3 6 2 
1 6 7 | 4 2 3 | 9 8 5 
3 2 9 | 5 6 8 | 7 4 1 
---------------------
2 1 3 | 6 9 4 | 8 5 7 
9 8 4 | 3 5 7 | 1 2 6 
7 5 6 | 2 8 1 | 4 9 3 


Resets: 16
----------
6 9 2 | 3 8 5 | 7 1 4 
8 3 4 | 2 7 1 | 6 9 5 
1 7 5 | 4 6 9 | 8 2 3 
---------------------
4 6 1 | 7 9 8 | 5 3 2 
7 2 8 | 1 5 3 | 9 4 6 
9 5 3 | 6 4 2 | 1 8 7 
---------------------
3 1 9 | 5 2 7 | 4 6 8 
2 4 7 | 8 1 6 | 3 5 9 
5 8 6 | 9 3 4 | 2 7 1 


Resets: 13
----------
1 3 6 | 2 7 5 | 4 9 8 
2 5 8 | 4 3 9 | 1 7 6 
7 4 9 | 8 1 6 | 5 2 3 
---------------------
6 8 4 | 1 5 2 | 9 3 7 
5 7 3 | 9 4 8 | 2 6 1 
9 1 2 | 7 6 3 | 8 4 5 
---------------------
8 2 7 | 3 9 1 | 6 5 4 
3 6 1 | 5 2 4 | 7 8 9 
4 9 5 | 6 8 7 | 3 1 2 


Resets: 13
----------
8 7 1 | 4 3 5 | 2 9 6 
3 5 9 | 7 6 2 | 1 8 4 
2 4 6 | 1 8 9 | 7 5 3 
---------------------
4 3 7 | 9 1 6 | 5 2 8 
1 9 5 | 3 2 8 | 4 6 7 
6 8 2 | 5 4 7 | 3 1 9 
---------------------
5 1 3 | 8 9 4 | 6 7 2 
7 6 8 | 2 5 3 | 9 4 1 
9 2 4 | 6 7 1 | 8 3 5 


Resets: 37
----------
1 4 2 | 7 3 9 | 5 8 6 
3 8 9 | 2 6 5 | 4 7 1 
6 7 5 | 8 1 4 | 3 9 2 
---------------------
2 5 3 | 6 8 7 | 9 1 4 
8 1 4 | 9 5 3 | 6 2 7 
7 9 6 | 4 2 1 | 8 3 5 
---------------------
9 6 1 | 3 4 2 | 7 5 8 
4 2 7 | 5 9 8 | 1 6 3 
5 3 8 | 1 7 6 | 2 4 9 


Resets: 0
----------
6 2 8 | 9 7 5 | 1 4 3 
7 9 4 | 1 6 3 | 2 8 5 
1 5 3 | 2 4 8 | 6 7 9 
---------------------
3 1 9 | 7 8 4 | 5 6 2 
4 8 6 | 5 2 9 | 3 1 7 
5 7 2 | 3 1 6 | 4 9 8 
---------------------
2 6 5 | 8 9 1 | 7 3 4 
8 4 7 | 6 3 2 | 9 5 1 
9 3 1 | 4 5 7 | 8 2 6 


Resets: 8
----------
2 6 4 | 8 1 9 | 7 5 3 
8 5 7 | 2 4 3 | 6 9 1 
3 1 9 | 5 7 6 | 4 8 2 
---------------------
7 4 8 | 1 3 5 | 2 6 9 
1 9 2 | 7 6 8 | 3 4 5 
5 3 6 | 9 2 4 | 8 1 7 
---------------------
9 7 5 | 6 8 2 | 1 3 4 
4 8 1 | 3 5 7 | 9 2 6 
6 2 3 | 4 9 1 | 5 7 8 


Resets: 9
----------
9 3 5 | 1 8 6 | 7 2 4 
2 6 7 | 3 5 4 | 8 1 9 
8 1 4 | 7 2 9 | 6 5 3 
---------------------
3 2 1 | 5 7 8 | 9 4 6 
5 4 6 | 9 3 1 | 2 8 7 
7 8 9 | 6 4 2 | 1 3 5 
---------------------
6 9 8 | 4 1 5 | 3 7 2 
4 7 2 | 8 9 3 | 5 6 1 
1 5 3 | 2 6 7 | 4 9 8 


Resets: 20
----------
3 2 1 | 9 8 4 | 6 7 5 
6 9 4 | 3 5 7 | 8 1 2 
5 7 8 | 2 6 1 | 3 4 9 
---------------------
1 5 9 | 6 2 3 | 4 8 7 
4 6 7 | 8 1 9 | 5 2 3 
8 3 2 | 4 7 5 | 9 6 1 
---------------------
9 1 3 | 7 4 8 | 2 5 6 
7 8 6 | 5 9 2 | 1 3 4 
2 4 5 | 1 3 6 | 7 9 8 


Resets: 10
----------
4 3 5 | 9 2 6 | 8 7 1 
2 7 8 | 4 1 5 | 6 3 9 
1 9 6 | 8 7 3 | 4 2 5 
---------------------
9 1 4 | 6 5 2 | 7 8 3 
3 5 7 | 1 8 4 | 2 9 6 
8 6 2 | 7 3 9 | 1 5 4 
---------------------
6 2 1 | 5 9 7 | 3 4 8 
7 4 9 | 3 6 8 | 5 1 2 
5 8 3 | 2 4 1 | 9 6 7 


Resets: 27
----------
3 2 9 | 5 7 8 | 6 1 4 
5 1 8 | 9 6 4 | 2 7 3 
4 6 7 | 2 3 1 | 9 5 8 
---------------------
8 4 1 | 6 9 3 | 7 2 5 
2 9 3 | 8 5 7 | 4 6 1 
6 7 5 | 4 1 2 | 8 3 9 
---------------------
1 8 6 | 7 4 5 | 3 9 2 
7 5 4 | 3 2 9 | 1 8 6 
9 3 2 | 1 8 6 | 5 4 7 


Resets: 0
----------
4 8 9 | 6 5 3 | 1 2 7 
1 3 2 | 8 7 4 | 9 6 5 
7 6 5 | 2 1 9 | 3 4 8 
---------------------
9 5 8 | 3 4 2 | 6 7 1 
3 4 7 | 1 6 5 | 2 8 9 
2 1 6 | 9 8 7 | 5 3 4 
---------------------
8 7 3 | 5 2 1 | 4 9 6 
5 9 4 | 7 3 6 | 8 1 2 
6 2 1 | 4 9 8 | 7 5 3 


Resets: 0
----------
5 7 4 | 1 3 2 | 9 8 6 
9 1 3 | 6 8 4 | 5 7 2 
2 8 6 | 5 7 9 | 4 3 1 
---------------------
3 2 7 | 4 1 6 | 8 5 9 
6 4 8 | 3 9 5 | 2 1 7 
1 5 9 | 7 2 8 | 6 4 3 
---------------------
7 9 2 | 8 4 3 | 1 6 5 
4 6 1 | 9 5 7 | 3 2 8 
8 3 5 | 2 6 1 | 7 9 4 


Resets: 2
----------
9 6 7 | 4 2 5 | 3 1 8 
3 2 1 | 7 9 8 | 4 6 5 
4 8 5 | 6 3 1 | 2 7 9 
---------------------
2 1 8 | 5 4 6 | 7 9 3 
5 3 6 | 9 7 2 | 8 4 1 
7 4 9 | 1 8 3 | 6 5 2 
---------------------
8 7 4 | 3 1 9 | 5 2 6 
6 9 2 | 8 5 4 | 1 3 7 
1 5 3 | 2 6 7 | 9 8 4 


Resets: 16
----------
7 6 2 | 1 4 8 | 5 3 9 
3 4 8 | 6 5 9 | 7 1 2 
5 9 1 | 3 7 2 | 6 4 8 
---------------------
6 3 5 | 4 2 1 | 9 8 7 
8 7 4 | 9 3 6 | 2 5 1 
2 1 9 | 7 8 5 | 3 6 4 
---------------------
9 5 6 | 2 1 4 | 8 7 3 
4 2 3 | 8 6 7 | 1 9 5 
1 8 7 | 5 9 3 | 4 2 6 


Resets: 11
----------
7 9 3 | 5 2 4 | 1 8 6 
2 1 5 | 8 9 6 | 4 3 7 
8 6 4 | 3 7 1 | 5 2 9 
---------------------
6 3 1 | 4 5 7 | 2 9 8 
4 8 7 | 9 6 2 | 3 5 1 
9 5 2 | 1 3 8 | 6 7 4 
---------------------
1 7 8 | 2 4 3 | 9 6 5 
3 4 9 | 6 8 5 | 7 1 2 
5 2 6 | 7 1 9 | 8 4 3 


Resets: 14
----------
9 8 1 | 6 5 3 | 4 7 2 
4 3 2 | 8 1 7 | 5 9 6 
7 5 6 | 2 4 9 | 3 1 8 
---------------------
3 1 9 | 4 2 5 | 8 6 7 
5 2 7 | 3 8 6 | 9 4 1 
8 6 4 | 7 9 1 | 2 3 5 
---------------------
2 9 8 | 1 6 4 | 7 5 3 
6 7 5 | 9 3 2 | 1 8 4 
1 4 3 | 5 7 8 | 6 2 9 


Resets: 32
----------
4 9 7 | 2 5 6 | 3 8 1 
6 3 1 | 8 9 7 | 4 5 2 
2 8 5 | 3 1 4 | 6 7 9 
---------------------
8 5 9 | 7 6 1 | 2 3 4 
3 4 2 | 5 8 9 | 1 6 7 
7 1 6 | 4 2 3 | 8 9 5 
---------------------
9 2 8 | 6 4 5 | 7 1 3 
5 7 4 | 1 3 8 | 9 2 6 
1 6 3 | 9 7 2 | 5 4 8 


Resets: 1
----------
5 9 6 | 7 8 4 | 1 2 3 
1 7 4 | 2 6 3 | 5 9 8 
8 2 3 | 9 1 5 | 7 4 6 
---------------------
2 1 7 | 3 5 8 | 9 6 4 
3 4 5 | 6 7 9 | 8 1 2 
9 6 8 | 4 2 1 | 3 7 5 
---------------------
7 3 9 | 5 4 6 | 2 8 1 
4 8 2 | 1 3 7 | 6 5 9 
6 5 1 | 8 9 2 | 4 3 7 


Resets: 23
----------
3 2 8 | 5 1 7 | 4 6 9 
5 1 6 | 4 9 2 | 3 7 8 
7 9 4 | 3 8 6 | 5 1 2 
---------------------
2 4 3 | 7 5 1 | 8 9 6 
1 6 9 | 2 3 8 | 7 4 5 
8 5 7 | 9 6 4 | 2 3 1 
---------------------
4 3 1 | 8 2 9 | 6 5 7 
9 8 5 | 6 7 3 | 1 2 4 
6 7 2 | 1 4 5 | 9 8 3 


Resets: 20
----------
8 5 1 | 7 2 3 | 9 6 4 
3 6 2 | 5 4 9 | 7 1 8 
9 4 7 | 1 8 6 | 5 2 3 
---------------------
6 1 5 | 3 7 8 | 4 9 2 
2 9 4 | 6 5 1 | 3 8 7 
7 8 3 | 4 9 2 | 1 5 6 
---------------------
5 3 6 | 2 1 7 | 8 4 9 
1 7 9 | 8 6 4 | 2 3 5 
4 2 8 | 9 3 5 | 6 7 1 


Resets: 0
----------
3 2 7 | 4 5 6 | 1 8 9 
1 6 5 | 2 8 9 | 4 3 7 
8 4 9 | 3 7 1 | 2 5 6 
---------------------
6 9 3 | 5 1 4 | 8 7 2 
5 7 1 | 8 6 2 | 9 4 3 
4 8 2 | 9 3 7 | 6 1 5 
---------------------
7 1 4 | 6 2 3 | 5 9 8 
2 3 8 | 1 9 5 | 7 6 4 
9 5 6 | 7 4 8 | 3 2 1 


Resets: 3
----------
4 5 2 | 3 7 1 | 9 8 6 
3 1 9 | 5 6 8 | 7 2 4 
6 7 8 | 2 4 9 | 3 1 5 
---------------------
9 8 6 | 1 5 4 | 2 3 7 
2 3 5 | 6 8 7 | 1 4 9 
1 4 7 | 9 2 3 | 6 5 8 
---------------------
8 2 1 | 4 9 6 | 5 7 3 
5 9 4 | 7 3 2 | 8 6 1 
7 6 3 | 8 1 5 | 4 9 2 


Resets: 10
----------
3 9 5 | 4 6 7 | 1 2 8 
1 2 7 | 9 3 8 | 4 6 5 
6 8 4 | 2 1 5 | 7 9 3 
---------------------
5 6 2 | 3 9 1 | 8 4 7 
9 7 3 | 8 4 2 | 5 1 6 
4 1 8 | 5 7 6 | 2 3 9 
---------------------
8 5 9 | 1 2 3 | 6 7 4 
7 3 1 | 6 5 4 | 9 8 2 
2 4 6 | 7 8 9 | 3 5 1 


Resets: 35
----------
1 6 2 | 8 3 9 | 5 4 7 
8 3 4 | 5 6 7 | 9 2 1 
5 9 7 | 4 1 2 | 6 3 8 
---------------------
7 8 6 | 2 5 3 | 1 9 4 
2 5 9 | 7 4 1 | 8 6 3 
3 4 1 | 6 9 8 | 2 7 5 
---------------------
4 2 3 | 9 8 5 | 7 1 6 
9 1 8 | 3 7 6 | 4 5 2 
6 7 5 | 1 2 4 | 3 8 9 


Resets: 23
----------
1 6 4 | 8 3 9 | 2 5 7 
3 7 5 | 1 2 4 | 6 9 8 
2 8 9 | 7 6 5 | 4 1 3 
---------------------
9 5 3 | 4 1 6 | 8 7 2 
6 1 7 | 2 8 3 | 9 4 5 
8 4 2 | 9 5 7 | 3 6 1 
---------------------
7 2 8 | 6 9 1 | 5 3 4 
4 3 6 | 5 7 2 | 1 8 9 
5 9 1 | 3 4 8 | 7 2 6 


Resets: 12
----------
6 7 5 | 2 3 8 | 9 1 4 
4 3 2 | 5 1 9 | 8 6 7 
1 8 9 | 7 6 4 | 3 5 2 
---------------------
3 2 6 | 9 4 5 | 1 7 8 
9 1 4 | 8 7 3 | 5 2 6 
7 5 8 | 6 2 1 | 4 9 3 
---------------------
2 4 3 | 1 9 7 | 6 8 5 
5 6 1 | 3 8 2 | 7 4 9 
8 9 7 | 4 5 6 | 2 3 1 


Resets: 28
----------
5 8 1 | 7 2 6 | 3 9 4 
7 9 3 | 8 5 4 | 6 1 2 
4 6 2 | 3 1 9 | 8 7 5 
---------------------
1 4 6 | 5 7 3 | 9 2 8 
9 5 8 | 1 6 2 | 4 3 7 
2 3 7 | 4 9 8 | 1 5 6 
---------------------
6 1 9 | 2 4 5 | 7 8 3 
8 7 5 | 6 3 1 | 2 4 9 
3 2 4 | 9 8 7 | 5 6 1 


Resets: 12
----------
5 6 3 | 7 8 4 | 1 2 9 
2 4 8 | 3 1 9 | 7 5 6 
7 1 9 | 6 5 2 | 4 8 3 
---------------------
1 8 6 | 2 3 7 | 5 9 4 
3 7 5 | 4 9 1 | 8 6 2 
9 2 4 | 5 6 8 | 3 7 1 
---------------------
4 5 1 | 9 7 6 | 2 3 8 
8 9 7 | 1 2 3 | 6 4 5 
6 3 2 | 8 4 5 | 9 1 7 


Resets: 2
----------
6 1 5 | 2 9 8 | 7 3 4 
4 9 3 | 7 6 1 | 2 5 8 
8 2 7 | 4 3 5 | 1 6 9 
---------------------
3 6 2 | 5 8 7 | 9 4 1 
7 5 4 | 9 1 3 | 6 8 2 
1 8 9 | 6 2 4 | 5 7 3 
---------------------
5 3 6 | 1 4 2 | 8 9 7 
9 4 1 | 8 7 6 | 3 2 5 
2 7 8 | 3 5 9 | 4 1 6 


Resets: 0
----------
2 1 3 | 9 6 5 | 7 8 4 
6 4 9 | 3 7 8 | 5 2 1 
5 7 8 | 4 1 2 | 3 6 9 
---------------------
9 3 2 | 6 5 1 | 8 4 7 
8 5 1 | 7 4 9 | 6 3 2 
7 6 4 | 2 8 3 | 9 1 5 
---------------------
3 9 6 | 5 2 4 | 1 7 8 
4 8 7 | 1 9 6 | 2 5 3 
1 2 5 | 8 3 7 | 4 9 6 


Resets: 41
----------
9 5 3 | 4 1 7 | 2 6 8 
7 8 2 | 9 5 6 | 4 1 3 
1 4 6 | 3 8 2 | 9 5 7 
---------------------
8 1 7 | 6 2 9 | 5 3 4 
2 3 9 | 5 7 4 | 1 8 6 
4 6 5 | 8 3 1 | 7 2 9 
---------------------
5 2 4 | 7 6 3 | 8 9 1 
6 7 8 | 1 9 5 | 3 4 2 
3 9 1 | 2 4 8 | 6 7 5 


Resets: 19
----------
4 2 9 | 8 1 7 | 5 6 3 
5 8 7 | 4 6 3 | 2 9 1 
6 1 3 | 9 2 5 | 4 8 7 
---------------------
3 4 8 | 7 5 1 | 6 2 9 
7 5 2 | 6 9 4 | 3 1 8 
9 6 1 | 2 3 8 | 7 5 4 
---------------------
8 3 6 | 5 4 9 | 1 7 2 
1 7 5 | 3 8 2 | 9 4 6 
2 9 4 | 1 7 6 | 8 3 5 


Resets: 16
----------
3 6 1 | 7 5 4 | 8 9 2 
7 2 5 | 9 3 8 | 4 6 1 
4 8 9 | 2 1 6 | 7 5 3 
---------------------
2 1 8 | 3 7 5 | 6 4 9 
6 3 4 | 1 8 9 | 5 2 7 
9 5 7 | 4 6 2 | 1 3 8 
---------------------
5 9 3 | 8 4 1 | 2 7 6 
1 7 6 | 5 2 3 | 9 8 4 
8 4 2 | 6 9 7 | 3 1 5 


Resets: 34
----------
9 6 3 | 8 2 4 | 1 7 5 
5 7 4 | 3 9 1 | 8 2 6 
1 2 8 | 5 7 6 | 3 4 9 
---------------------
4 3 5 | 2 1 9 | 7 6 8 
6 8 1 | 7 4 5 | 2 9 3 
2 9 7 | 6 8 3 | 5 1 4 
---------------------
7 1 6 | 4 3 8 | 9 5 2 
8 4 9 | 1 5 2 | 6 3 7 
3 5 2 | 9 6 7 | 4 8 1 


Resets: 17
----------
1 5 6 | 3 7 8 | 9 4 2 
3 8 4 | 2 9 5 | 7 6 1 
7 2 9 | 6 1 4 | 3 8 5 
---------------------
5 6 3 | 7 4 9 | 1 2 8 
4 7 8 | 1 3 2 | 6 5 9 
2 9 1 | 8 5 6 | 4 7 3 
---------------------
8 1 2 | 9 6 7 | 5 3 4 
9 4 7 | 5 8 3 | 2 1 6 
6 3 5 | 4 2 1 | 8 9 7 


Resets: 16
----------
4 3 5 | 1 8 2 | 7 6 9 
2 7 6 | 4 5 9 | 3 8 1 
8 9 1 | 6 3 7 | 5 4 2 
---------------------
7 5 3 | 8 2 6 | 1 9 4 
1 8 2 | 7 9 4 | 6 5 3 
9 6 4 | 5 1 3 | 2 7 8 
---------------------
6 2 7 | 3 4 8 | 9 1 5 
5 4 9 | 2 6 1 | 8 3 7 
3 1 8 | 9 7 5 | 4 2 6 


Resets: 22
----------
2 7 1 | 4 5 3 | 6 9 8 
6 5 8 | 1 9 2 | 7 4 3 
4 3 9 | 6 8 7 | 2 5 1 
---------------------
3 4 2 | 5 7 1 | 8 6 9 
1 9 7 | 8 4 6 | 3 2 5 
5 8 6 | 2 3 9 | 4 1 7 
---------------------
9 6 5 | 3 2 8 | 1 7 4 
7 1 3 | 9 6 4 | 5 8 2 
8 2 4 | 7 1 5 | 9 3 6 


Resets: 12
----------
7 2 3 | 5 1 4 | 9 8 6 
5 8 1 | 9 2 6 | 4 7 3 
9 4 6 | 7 8 3 | 1 2 5 
---------------------
4 9 2 | 6 3 5 | 8 1 7 
3 1 8 | 4 7 2 | 5 6 9 
6 5 7 | 1 9 8 | 3 4 2 
---------------------
1 6 4 | 3 5 7 | 2 9 8 
2 3 9 | 8 6 1 | 7 5 4 
8 7 5 | 2 4 9 | 6 3 1 


Resets: 2
----------
6 5 4 | 2 3 1 | 9 8 7 
8 7 9 | 5 6 4 | 2 1 3 
3 1 2 | 7 8 9 | 4 5 6 
---------------------
9 2 8 | 4 7 5 | 3 6 1 
7 4 5 | 3 1 6 | 8 9 2 
1 6 3 | 8 9 2 | 5 7 4 
---------------------
4 3 1 | 6 5 8 | 7 2 9 
5 9 7 | 1 2 3 | 6 4 8 
2 8 6 | 9 4 7 | 1 3 5 


Resets: 2
----------
8 7 5 | 3 6 2 | 4 9 1 
2 4 3 | 1 9 5 | 6 8 7 
1 9 6 | 4 8 7 | 2 3 5 
---------------------
5 1 8 | 6 2 9 | 7 4 3 
3 6 7 | 5 4 1 | 8 2 9 
9 2 4 | 7 3 8 | 5 1 6 
---------------------
6 8 2 | 9 7 3 | 1 5 4 
4 3 1 | 2 5 6 | 9 7 8 
7 5 9 | 8 1 4 | 3 6 2 


Resets: 3
----------
9 4 3 | 1 6 8 | 2 5 7 
8 6 2 | 4 7 5 | 1 3 9 
1 5 7 | 9 3 2 | 8 6 4 
---------------------
2 1 5 | 8 9 4 | 6 7 3 
3 7 4 | 5 2 6 | 9 8 1 
6 8 9 | 3 1 7 | 5 4 2 
---------------------
4 2 8 | 7 5 1 | 3 9 6 
7 3 6 | 2 8 9 | 4 1 5 
5 9 1 | 6 4 3 | 7 2 8 


Resets: 6
----------
1 2 4 | 6 3 9 | 5 7 8 
9 3 5 | 1 8 7 | 4 6 2 
8 6 7 | 4 5 2 | 9 1 3 
---------------------
7 4 3 | 5 2 6 | 8 9 1 
6 8 1 | 3 9 4 | 2 5 7 
2 5 9 | 8 7 1 | 3 4 6 
---------------------
5 1 8 | 7 4 3 | 6 2 9 
4 7 2 | 9 6 8 | 1 3 5 
3 9 6 | 2 1 5 | 7 8 4 


Resets: 15
----------
9 4 8 | 5 6 3 | 7 1 2 
6 2 7 | 8 1 4 | 9 3 5 
5 1 3 | 2 9 7 | 8 4 6 
---------------------
8 3 5 | 7 2 6 | 4 9 1 
4 6 1 | 9 5 8 | 2 7 3 
2 7 9 | 4 3 1 | 5 6 8 
---------------------
1 8 2 | 3 7 9 | 6 5 4 
3 9 4 | 6 8 5 | 1 2 7 
7 5 6 | 1 4 2 | 3 8 9 


Resets: 12
----------
1 3 7 | 8 2 5 | 6 4 9 
6 9 8 | 1 3 4 | 7 2 5 
4 2 5 | 6 7 9 | 1 8 3 
---------------------
8 1 3 | 4 9 6 | 2 5 7 
2 6 9 | 7 5 1 | 8 3 4 
7 5 4 | 2 8 3 | 9 1 6 
---------------------
3 7 2 | 5 6 8 | 4 9 1 
5 4 6 | 9 1 2 | 3 7 8 
9 8 1 | 3 4 7 | 5 6 2 


Resets: 3
----------
5 6 4 | 2 8 7 | 3 1 9 
1 9 8 | 6 4 3 | 7 5 2 
7 3 2 | 5 1 9 | 8 4 6 
---------------------
3 5 6 | 8 2 1 | 4 9 7 
2 7 1 | 4 9 6 | 5 3 8 
8 4 9 | 7 3 5 | 6 2 1 
---------------------
4 2 7 | 9 5 8 | 1 6 3 
6 1 5 | 3 7 2 | 9 8 4 
9 8 3 | 1 6 4 | 2 7 5 


Resets: 13
----------
6 4 5 | 9 1 7 | 8 2 3 
9 3 2 | 5 6 8 | 4 7 1 
7 8 1 | 3 2 4 | 5 6 9 
---------------------
2 6 3 | 7 5 1 | 9 4 8 
5 7 4 | 6 8 9 | 3 1 2 
1 9 8 | 4 3 2 | 7 5 6 
---------------------
4 1 7 | 8 9 6 | 2 3 5 
3 2 9 | 1 4 5 | 6 8 7 
8 5 6 | 2 7 3 | 1 9 4 


Resets: 16
----------
6 8 5 | 2 1 9 | 4 7 3 
4 7 9 | 5 3 6 | 8 1 2 
3 1 2 | 7 8 4 | 5 6 9 
---------------------
5 9 7 | 3 2 1 | 6 8 4 
2 6 8 | 9 4 7 | 3 5 1 
1 3 4 | 8 6 5 | 9 2 7 
---------------------
8 5 3 | 4 7 2 | 1 9 6 
9 2 1 | 6 5 3 | 7 4 8 
7 4 6 | 1 9 8 | 2 3 5 


Resets: 5
----------
4 5 8 | 3 6 9 | 7 2 1 
1 2 6 | 8 7 5 | 3 4 9 
7 9 3 | 2 4 1 | 5 8 6 
---------------------
9 7 2 | 1 8 6 | 4 3 5 
5 3 1 | 9 2 4 | 6 7 8 
6 8 4 | 7 5 3 | 9 1 2 
---------------------
2 1 5 | 4 9 7 | 8 6 3 
8 4 9 | 6 3 2 | 1 5 7 
3 6 7 | 5 1 8 | 2 9 4 


Resets: 11
----------
4 3 2 | 6 8 1 | 7 9 5 
5 6 1 | 7 2 9 | 8 4 3 
8 9 7 | 3 5 4 | 2 1 6 
---------------------
1 2 6 | 5 4 8 | 3 7 9 
7 4 3 | 9 1 6 | 5 2 8 
9 8 5 | 2 3 7 | 4 6 1 
---------------------
6 5 9 | 4 7 3 | 1 8 2 
3 1 4 | 8 9 2 | 6 5 7 
2 7 8 | 1 6 5 | 9 3 4 


Resets: 46
----------
5 2 3 | 9 4 8 | 7 6 1 
8 6 4 | 1 7 3 | 2 5 9 
9 7 1 | 6 2 5 | 3 8 4 
---------------------
1 9 7 | 5 8 4 | 6 2 3 
3 4 5 | 7 6 2 | 1 9 8 
2 8 6 | 3 9 1 | 5 4 7 
---------------------
7 1 9 | 8 5 6 | 4 3 2 
4 5 8 | 2 3 7 | 9 1 6 
6 3 2 | 4 1 9 | 8 7 5 


Resets: 3
----------
6 1 2 | 9 8 7 | 5 3 4 
5 7 8 | 4 3 1 | 2 9 6 
4 3 9 | 5 2 6 | 8 1 7 
---------------------
8 2 4 | 3 6 9 | 7 5 1 
3 5 6 | 7 1 2 | 4 8 9 
1 9 7 | 8 4 5 | 3 6 2 
---------------------
7 4 5 | 6 9 3 | 1 2 8 
9 8 1 | 2 5 4 | 6 7 3 
2 6 3 | 1 7 8 | 9 4 5 


Resets: 15
----------
5 8 3 | 6 7 1 | 4 9 2 
6 4 1 | 5 9 2 | 3 7 8 
7 9 2 | 8 3 4 | 6 5 1 
---------------------
1 6 5 | 4 2 9 | 8 3 7 
8 3 7 | 1 6 5 | 2 4 9 
9 2 4 | 3 8 7 | 5 1 6 
---------------------
3 1 9 | 2 4 8 | 7 6 5 
4 5 8 | 7 1 6 | 9 2 3 
2 7 6 | 9 5 3 | 1 8 4 


Resets: 9
----------
2 5 7 | 4 8 6 | 1 9 3 
3 9 6 | 5 1 7 | 2 8 4 
1 8 4 | 2 3 9 | 7 6 5 
---------------------
6 1 2 | 3 5 8 | 9 4 7 
5 3 9 | 1 7 4 | 6 2 8 
4 7 8 | 9 6 2 | 3 5 1 
---------------------
9 2 5 | 7 4 1 | 8 3 6 
8 4 1 | 6 2 3 | 5 7 9 
7 6 3 | 8 9 5 | 4 1 2 


Resets: 48
----------
4 9 5 | 8 2 6 | 3 7 1 
3 7 6 | 4 9 1 | 8 5 2 
2 8 1 | 5 3 7 | 6 9 4 
---------------------
6 3 2 | 9 8 5 | 4 1 7 
7 5 4 | 3 1 2 | 9 8 6 
9 1 8 | 7 6 4 | 2 3 5 
---------------------
8 4 7 | 2 5 3 | 1 6 9 
1 2 3 | 6 7 9 | 5 4 8 
5 6 9 | 1 4 8 | 7 2 3 


Resets: 12
----------
3 4 9 | 8 2 6 | 5 7 1 
1 2 8 | 7 5 9 | 4 3 6 
5 7 6 | 3 1 4 | 9 2 8 
---------------------
2 5 7 | 4 3 8 | 6 1 9 
4 9 3 | 2 6 1 | 7 8 5 
6 8 1 | 5 9 7 | 3 4 2 
---------------------
8 1 5 | 6 7 3 | 2 9 4 
7 6 4 | 9 8 2 | 1 5 3 
9 3 2 | 1 4 5 | 8 6 7 


Resets: 0
----------
2 5 7 | 8 9 3 | 4 6 1 
9 1 3 | 4 6 5 | 8 2 7 
4 8 6 | 1 7 2 | 5 3 9 
---------------------
8 6 4 | 2 3 1 | 9 7 5 
3 7 9 | 5 8 6 | 2 1 4 
1 2 5 | 9 4 7 | 3 8 6 
---------------------
6 9 2 | 7 5 8 | 1 4 3 
7 4 1 | 3 2 9 | 6 5 8 
5 3 8 | 6 1 4 | 7 9 2 


Resets: 4
----------
3 2 1 | 9 6 8 | 7 4 5 
4 6 7 | 5 3 2 | 8 9 1 
8 9 5 | 4 1 7 | 2 6 3 
---------------------
7 8 4 | 2 5 9 | 3 1 6 
6 1 2 | 3 7 4 | 5 8 9 
9 5 3 | 1 8 6 | 4 2 7 
---------------------
1 4 9 | 7 2 3 | 6 5 8 
2 7 6 | 8 9 5 | 1 3 4 
5 3 8 | 6 4 1 | 9 7 2 


Resets: 10
----------
2 6 8 | 1 5 9 | 4 3 7 
3 9 5 | 8 7 4 | 6 1 2 
4 7 1 | 2 6 3 | 8 9 5 
---------------------
6 5 9 | 3 8 1 | 7 2 4 
7 8 3 | 4 2 5 | 9 6 1 
1 4 2 | 6 9 7 | 5 8 3 
---------------------
8 2 4 | 7 1 6 | 3 5 9 
9 3 6 | 5 4 2 | 1 7 8 
5 1 7 | 9 3 8 | 2 4 6 


Resets: 1
----------
3 9 5 | 4 2 8 | 1 7 6 
6 1 4 | 3 7 9 | 2 5 8 
7 8 2 | 5 6 1 | 4 3 9 
---------------------
5 2 1 | 7 8 6 | 9 4 3 
8 4 3 | 1 9 5 | 7 6 2 
9 6 7 | 2 3 4 | 5 8 1 
---------------------
4 5 6 | 8 1 2 | 3 9 7 
1 7 8 | 9 4 3 | 6 2 5 
2 3 9 | 6 5 7 | 8 1 4 


Resets: 33
----------
7 6 9 | 1 8 3 | 5 4 2 
4 2 8 | 9 6 5 | 7 3 1 
1 3 5 | 7 2 4 | 6 9 8 
---------------------
5 4 3 | 8 7 1 | 2 6 9 
9 1 2 | 3 4 6 | 8 5 7 
6 8 7 | 2 5 9 | 3 1 4 
---------------------
3 7 1 | 5 9 2 | 4 8 6 
8 9 4 | 6 3 7 | 1 2 5 
2 5 6 | 4 1 8 | 9 7 3 


Resets: 8
----------
8 1 4 | 6 3 2 | 5 7 9 
3 9 7 | 4 5 8 | 2 6 1 
2 5 6 | 1 9 7 | 3 4 8 
---------------------
4 8 5 | 2 7 6 | 9 1 3 
9 7 3 | 8 1 5 | 6 2 4 
1 6 2 | 9 4 3 | 8 5 7 
---------------------
6 2 1 | 3 8 4 | 7 9 5 
7 3 9 | 5 6 1 | 4 8 2 
5 4 8 | 7 2 9 | 1 3 6 


Resets: 10
----------
7 4 1 | 8 3 6 | 5 9 2 
5 2 9 | 1 4 7 | 3 8 6 
3 8 6 | 9 5 2 | 7 4 1 
---------------------
9 1 7 | 6 8 5 | 4 2 3 
4 6 3 | 2 7 1 | 8 5 9 
8 5 2 | 3 9 4 | 6 1 7 
---------------------
6 9 5 | 4 2 3 | 1 7 8 
2 3 4 | 7 1 8 | 9 6 5 
1 7 8 | 5 6 9 | 2 3 4 


Resets: 24
----------
3 9 2 | 8 5 4 | 6 7 1 
4 1 5 | 7 6 9 | 8 2 3 
8 7 6 | 1 3 2 | 9 5 4 
---------------------
2 5 9 | 3 7 8 | 1 4 6 
7 3 1 | 4 9 6 | 5 8 2 
6 8 4 | 5 2 1 | 7 3 9 
---------------------
9 6 3 | 2 8 5 | 4 1 7 
1 2 8 | 9 4 7 | 3 6 5 
5 4 7 | 6 1 3 | 2 9 8 


Resets: 6
----------
3 5 2 | 6 8 7 | 9 1 4 
7 8 6 | 9 4 1 | 3 2 5 
4 9 1 | 5 2 3 | 7 6 8 
---------------------
2 1 3 | 4 7 8 | 5 9 6 
9 6 7 | 2 1 5 | 8 4 3 
8 4 5 | 3 6 9 | 1 7 2 
---------------------
5 3 4 | 7 9 2 | 6 8 1 
6 7 8 | 1 3 4 | 2 5 9 
1 2 9 | 8 5 6 | 4 3 7 


Resets: 5
----------
5 7 8 | 2 3 1 | 4 6 9 
9 2 1 | 6 4 7 | 5 3 8 
6 4 3 | 9 8 5 | 7 2 1 
---------------------
2 8 4 | 7 5 3 | 1 9 6 
1 9 5 | 8 6 2 | 3 4 7 
3 6 7 | 4 1 9 | 2 8 5 
---------------------
8 1 6 | 5 2 4 | 9 7 3 
7 5 2 | 3 9 6 | 8 1 4 
4 3 9 | 1 7 8 | 6 5 2 


Resets: 10
----------
8 2 1 | 3 4 7 | 9 6 5 
4 6 7 | 9 5 2 | 3 8 1 
9 3 5 | 1 6 8 | 4 2 7 
---------------------
7 5 4 | 2 9 6 | 1 3 8 
3 9 8 | 5 7 1 | 2 4 6 
6 1 2 | 4 8 3 | 7 5 9 
---------------------
1 4 6 | 8 2 9 | 5 7 3 
2 7 9 | 6 3 5 | 8 1 4 
5 8 3 | 7 1 4 | 6 9 2 


Resets: 19
----------
8 4 9 | 1 7 2 | 6 3 5 
2 5 6 | 8 9 3 | 1 4 7 
1 3 7 | 6 5 4 | 9 2 8 
---------------------
6 1 8 | 9 4 5 | 2 7 3 
5 7 4 | 3 2 1 | 8 9 6 
3 9 2 | 7 6 8 | 4 5 1 
---------------------
9 6 3 | 4 1 7 | 5 8 2 
4 8 5 | 2 3 6 | 7 1 9 
7 2 1 | 5 8 9 | 3 6 4 


Resets: 12
----------
8 7 9 | 5 6 1 | 2 4 3 
6 4 5 | 7 2 3 | 1 8 9 
2 1 3 | 8 9 4 | 7 6 5 
---------------------
5 9 4 | 1 3 8 | 6 2 7 
3 6 7 | 2 4 9 | 5 1 8 
1 2 8 | 6 7 5 | 9 3 4 
---------------------
9 3 6 | 4 1 7 | 8 5 2 
7 5 2 | 3 8 6 | 4 9 1 
4 8 1 | 9 5 2 | 3 7 6 


Resets: 8
----------
8 5 3 | 7 4 1 | 2 9 6 
6 4 9 | 5 3 2 | 1 7 8 
7 1 2 | 6 9 8 | 4 3 5 
---------------------
2 9 8 | 1 6 5 | 3 4 7 
3 6 5 | 9 7 4 | 8 2 1 
4 7 1 | 8 2 3 | 6 5 9 
---------------------
9 2 7 | 4 8 6 | 5 1 3 
1 3 6 | 2 5 9 | 7 8 4 
5 8 4 | 3 1 7 | 9 6 2 


Resets: 9
----------
4 6 5 | 3 2 8 | 1 9 7 
2 9 7 | 6 4 1 | 3 8 5 
3 1 8 | 5 7 9 | 2 4 6 
---------------------
5 7 1 | 2 9 6 | 8 3 4 
6 4 2 | 8 3 7 | 5 1 9 
8 3 9 | 1 5 4 | 6 7 2 
---------------------
7 5 3 | 4 8 2 | 9 6 1 
9 8 6 | 7 1 5 | 4 2 3 
1 2 4 | 9 6 3 | 7 5 8 


Resets: 0
----------
6 9 3 | 2 5 1 | 7 4 8 
4 8 5 | 6 9 7 | 3 2 1 
1 7 2 | 8 3 4 | 6 5 9 
---------------------
5 3 6 | 4 1 8 | 2 9 7 
2 4 9 | 3 7 6 | 8 1 5 
8 1 7 | 5 2 9 | 4 3 6 
---------------------
7 5 8 | 1 4 2 | 9 6 3 
9 2 1 | 7 6 3 | 5 8 4 
3 6 4 | 9 8 5 | 1 7 2 


Resets: 3
----------
5 6 4 | 7 9 3 | 8 1 2 
2 9 7 | 8 1 6 | 4 3 5 
3 1 8 | 2 5 4 | 7 6 9 
---------------------
6 4 1 | 5 7 9 | 2 8 3 
7 8 5 | 3 4 2 | 6 9 1 
9 2 3 | 6 8 1 | 5 7 4 
---------------------
4 3 6 | 1 2 8 | 9 5 7 
1 7 9 | 4 6 5 | 3 2 8 
8 5 2 | 9 3 7 | 1 4 6 


Resets: 2
----------
8 9 7 | 2 1 3 | 5 6 4 
1 3 4 | 9 6 5 | 2 7 8 
5 6 2 | 8 4 7 | 9 1 3 
---------------------
7 1 6 | 5 3 2 | 8 4 9 
4 2 8 | 1 7 9 | 3 5 6 
9 5 3 | 6 8 4 | 7 2 1 
---------------------
2 4 1 | 7 9 8 | 6 3 5 
3 8 5 | 4 2 6 | 1 9 7 
6 7 9 | 3 5 1 | 4 8 2 


Resets: 6
----------
5 9 6 | 3 7 2 | 8 4 1 
2 7 4 | 1 8 5 | 3 9 6 
3 8 1 | 6 9 4 | 2 5 7 
---------------------
9 6 8 | 4 1 3 | 5 7 2 
4 2 5 | 9 6 7 | 1 8 3 
1 3 7 | 2 5 8 | 4 6 9 
---------------------
8 1 3 | 7 4 6 | 9 2 5 
6 5 2 | 8 3 9 | 7 1 4 
7 4 9 | 5 2 1 | 6 3 8 


Resets: 16
----------
2 6 9 | 5 8 3 | 7 1 4 
1 8 5 | 7 4 9 | 6 3 2 
3 4 7 | 1 6 2 | 9 8 5 
---------------------
6 7 8 | 2 3 1 | 5 4 9 
9 3 2 | 6 5 4 | 8 7 1 
5 1 4 | 8 9 7 | 2 6 3 
---------------------
8 9 6 | 4 1 5 | 3 2 7 
4 2 3 | 9 7 8 | 1 5 6 
7 5 1 | 3 2 6 | 4 9 8 


Resets: 4
----------
1 7 4 | 2 6 9 | 8 3 5 
2 3 5 | 4 8 1 | 7 9 6 
8 6 9 | 5 7 3 | 2 4 1 
---------------------
3 5 8 | 6 2 7 | 4 1 9 
7 9 1 | 3 5 4 | 6 2 8 
4 2 6 | 1 9 8 | 3 5 7 
---------------------
6 1 3 | 7 4 5 | 9 8 2 
9 4 7 | 8 1 2 | 5 6 3 
5 8 2 | 9 3 6 | 1 7 4 


Resets: 9
----------
6 7 4 | 3 1 5 | 8 2 9 
9 2 5 | 4 8 7 | 1 3 6 
3 8 1 | 2 6 9 | 7 4 5 
---------------------
8 1 9 | 5 3 2 | 4 6 7 
4 6 3 | 7 9 8 | 2 5 1 
2 5 7 | 6 4 1 | 3 9 8 
---------------------
1 3 8 | 9 2 6 | 5 7 4 
5 4 6 | 1 7 3 | 9 8 2 
7 9 2 | 8 5 4 | 6 1 3 


Resets: 0
----------
5 2 6 | 3 8 7 | 1 4 9 
1 3 8 | 4 9 6 | 7 5 2 
7 9 4 | 5 2 1 | 3 6 8 
---------------------
9 6 5 | 7 1 4 | 2 8 3 
8 4 2 | 9 3 5 | 6 7 1 
3 1 7 | 8 6 2 | 4 9 5 
---------------------
2 8 9 | 6 4 3 | 5 1 7 
6 5 1 | 2 7 8 | 9 3 4 
4 7 3 | 1 5 9 | 8 2 6 


Resets: 10
----------
5 3 6 | 2 7 1 | 8 4 9 
1 4 7 | 8 9 6 | 3 2 5 
2 9 8 | 3 5 4 | 7 1 6 
---------------------
6 2 5 | 1 4 7 | 9 3 8 
8 1 9 | 6 3 5 | 4 7 2 
4 7 3 | 9 8 2 | 6 5 1 
---------------------
3 8 2 | 7 1 9 | 5 6 4 
7 6 4 | 5 2 8 | 1 9 3 
9 5 1 | 4 6 3 | 2 8 7 


Resets: 17
----------
5 6 2 | 4 9 1 | 7 3 8 
1 7 3 | 6 8 5 | 4 9 2 
8 4 9 | 7 2 3 | 6 5 1 
---------------------
4 9 7 | 1 6 8 | 5 2 3 
2 3 8 | 5 4 9 | 1 6 7 
6 5 1 | 2 3 7 | 8 4 9 
---------------------
9 1 4 | 8 5 2 | 3 7 6 
7 2 6 | 3 1 4 | 9 8 5 
3 8 5 | 9 7 6 | 2 1 4 


Resets: 6
----------
3 5 2 | 8 1 9 | 7 4 6 
4 9 1 | 6 7 5 | 3 2 8 
6 8 7 | 2 3 4 | 5 1 9 
---------------------
7 1 6 | 9 5 3 | 2 8 4 
8 3 9 | 4 2 6 | 1 7 5 
2 4 5 | 1 8 7 | 6 9 3 
---------------------
9 7 8 | 3 6 2 | 4 5 1 
5 6 4 | 7 9 1 | 8 3 2 
1 2 3 | 5 4 8 | 9 6 7 


Resets: 9
----------
9 4 6 | 5 1 2 | 7 3 8 
8 3 5 | 4 7 9 | 2 1 6 
7 2 1 | 6 8 3 | 5 4 9 
---------------------
5 9 4 | 8 6 7 | 1 2 3 
6 1 8 | 2 3 4 | 9 7 5 
3 7 2 | 9 5 1 | 8 6 4 
---------------------
4 8 3 | 1 2 5 | 6 9 7 
2 6 7 | 3 9 8 | 4 5 1 
1 5 9 | 7 4 6 | 3 8 2 


Resets: 0
----------
2 7 5 | 3 1 4 | 8 9 6 
1 3 6 | 9 5 8 | 2 7 4 
9 8 4 | 6 7 2 | 5 3 1 
---------------------
7 6 3 | 8 4 1 | 9 2 5 
8 5 2 | 7 6 9 | 4 1 3 
4 1 9 | 2 3 5 | 6 8 7 
---------------------
6 9 7 | 5 8 3 | 1 4 2 
3 4 8 | 1 2 6 | 7 5 9 
5 2 1 | 4 9 7 | 3 6 8 


Resets: 15
----------
8 1 3 | 5 7 2 | 4 6 9 
2 9 7 | 3 4 6 | 8 5 1 
6 4 5 | 8 1 9 | 7 3 2 
---------------------
1 7 4 | 2 8 3 | 5 9 6 
3 5 8 | 6 9 4 | 1 2 7 
9 2 6 | 7 5 1 | 3 4 8 
---------------------
7 6 1 | 4 2 5 | 9 8 3 
5 3 9 | 1 6 8 | 2 7 4 
4 8 2 | 9 3 7 | 6 1 5 


Resets: 18
----------
7 9 5 | 6 3 2 | 8 1 4 
4 2 1 | 8 7 9 | 5 6 3 
3 6 8 | 4 5 1 | 9 7 2 
---------------------
6 8 9 | 3 2 7 | 1 4 5 
5 3 7 | 9 1 4 | 6 2 8 
2 1 4 | 5 8 6 | 3 9 7 
---------------------
9 5 6 | 2 4 8 | 7 3 1 
1 4 3 | 7 9 5 | 2 8 6 
8 7 2 | 1 6 3 | 4 5 9 


Resets: 13
----------
8 6 9 | 7 2 4 | 3 5 1 
5 7 4 | 9 3 1 | 8 6 2 
2 1 3 | 6 8 5 | 9 4 7 
---------------------
1 5 8 | 2 7 3 | 4 9 6 
4 9 2 | 1 5 6 | 7 8 3 
6 3 7 | 4 9 8 | 2 1 5 
---------------------
7 8 6 | 3 1 9 | 5 2 4 
3 4 5 | 8 6 2 | 1 7 9 
9 2 1 | 5 4 7 | 6 3 8 


Resets: 15
----------
8 5 7 | 2 3 6 | 4 9 1 
2 1 3 | 9 4 7 | 5 6 8 
4 6 9 | 5 8 1 | 3 7 2 
---------------------
3 9 4 | 7 1 2 | 8 5 6 
1 7 6 | 8 9 5 | 2 3 4 
5 8 2 | 3 6 4 | 9 1 7 
---------------------
6 2 1 | 4 5 3 | 7 8 9 
9 4 5 | 1 7 8 | 6 2 3 
7 3 8 | 6 2 9 | 1 4 5 


Resets: 14
----------
1 2 8 | 3 4 6 | 7 9 5 
3 7 9 | 8 5 1 | 6 4 2 
5 6 4 | 9 2 7 | 3 1 8 
---------------------
4 1 5 | 6 8 2 | 9 3 7 
7 3 6 | 1 9 5 | 2 8 4 
9 8 2 | 4 7 3 | 1 5 6 
---------------------
8 4 1 | 7 6 9 | 5 2 3 
2 9 7 | 5 3 4 | 8 6 1 
6 5 3 | 2 1 8 | 4 7 9 


Resets: 1
----------
1 9 3 | 2 8 4 | 6 5 7 
8 5 7 | 9 6 3 | 2 4 1 
2 6 4 | 5 7 1 | 9 3 8 
---------------------
9 7 6 | 4 3 2 | 1 8 5 
3 8 1 | 7 5 6 | 4 9 2 
5 4 2 | 8 1 9 | 3 7 6 
---------------------
6 1 5 | 3 4 7 | 8 2 9 
4 2 8 | 1 9 5 | 7 6 3 
7 3 9 | 6 2 8 | 5 1 4 


Resets: 14
----------
7 2 3 | 4 5 1 | 8 6 9 
9 8 5 | 7 3 6 | 2 1 4 
4 1 6 | 9 8 2 | 7 3 5 
---------------------
3 9 4 | 5 1 7 | 6 2 8 
1 6 8 | 2 4 9 | 5 7 3 
2 5 7 | 8 6 3 | 4 9 1 
---------------------
8 3 1 | 6 2 5 | 9 4 7 
6 4 9 | 3 7 8 | 1 5 2 
5 7 2 | 1 9 4 | 3 8 6 


Resets: 11
----------
9 1 2 | 5 6 4 | 7 8 3 
6 4 8 | 9 7 3 | 2 5 1 
7 5 3 | 2 1 8 | 6 4 9 
---------------------
1 2 6 | 8 3 5 | 9 7 4 
4 8 5 | 7 2 9 | 3 1 6 
3 9 7 | 1 4 6 | 8 2 5 
---------------------
8 3 1 | 4 9 7 | 5 6 2 
2 7 9 | 6 5 1 | 4 3 8 
5 6 4 | 3 8 2 | 1 9 7 


Resets: 14
----------
5 9 2 | 8 4 3 | 1 7 6 
8 1 4 | 7 6 2 | 5 3 9 
6 7 3 | 1 9 5 | 4 8 2 
---------------------
4 5 9 | 3 1 6 | 7 2 8 
3 2 7 | 9 8 4 | 6 1 5 
1 8 6 | 2 5 7 | 9 4 3 
---------------------
9 3 8 | 5 7 1 | 2 6 4 
7 4 5 | 6 2 8 | 3 9 1 
2 6 1 | 4 3 9 | 8 5 7 


Resets: 20
----------
8 1 5 | 3 6 4 | 2 7 9 
4 9 2 | 5 7 1 | 8 6 3 
6 7 3 | 8 2 9 | 1 4 5 
---------------------
5 2 4 | 6 8 7 | 9 3 1 
1 8 6 | 9 4 3 | 7 5 2 
9 3 7 | 2 1 5 | 4 8 6 
---------------------
7 5 8 | 1 9 6 | 3 2 4 
2 6 1 | 4 3 8 | 5 9 7 
3 4 9 | 7 5 2 | 6 1 8 


Resets: 3
----------
7 2 3 | 9 1 6 | 4 8 5 
8 1 5 | 4 2 7 | 9 6 3 
9 4 6 | 8 3 5 | 1 2 7 
---------------------
1 3 9 | 6 7 8 | 2 5 4 
5 7 8 | 2 9 4 | 6 3 1 
2 6 4 | 3 5 1 | 7 9 8 
---------------------
3 8 2 | 7 4 9 | 5 1 6 
6 5 7 | 1 8 2 | 3 4 9 
4 9 1 | 5 6 3 | 8 7 2 


Resets: 2
----------
8 5 7 | 2 9 3 | 4 6 1 
4 9 2 | 7 6 1 | 8 5 3 
6 1 3 | 5 4 8 | 9 2 7 
---------------------
3 8 4 | 1 5 6 | 2 7 9 
7 6 9 | 3 2 4 | 1 8 5 
1 2 5 | 9 8 7 | 3 4 6 
---------------------
2 7 6 | 8 1 9 | 5 3 4 
5 4 1 | 6 3 2 | 7 9 8 
9 3 8 | 4 7 5 | 6 1 2 


Resets: 3
----------
7 8 5 | 4 6 3 | 1 9 2 
9 2 6 | 7 1 8 | 4 5 3 
3 1 4 | 5 9 2 | 8 6 7 
---------------------
8 7 2 | 1 4 9 | 6 3 5 
4 5 9 | 3 2 6 | 7 8 1 
1 6 3 | 8 7 5 | 9 2 4 
---------------------
5 3 7 | 6 8 4 | 2 1 9 
2 4 8 | 9 5 1 | 3 7 6 
6 9 1 | 2 3 7 | 5 4 8 


Resets: 9
----------
5 2 6 | 7 1 4 | 8 3 9 
1 3 9 | 8 5 6 | 2 7 4 
7 4 8 | 2 3 9 | 6 1 5 
---------------------
2 5 1 | 6 4 8 | 7 9 3 
6 7 3 | 9 2 5 | 1 4 8 
8 9 4 | 1 7 3 | 5 6 2 
---------------------
4 6 5 | 3 8 1 | 9 2 7 
9 8 7 | 4 6 2 | 3 5 1 
3 1 2 | 5 9 7 | 4 8 6 


Resets: 1
----------
8 9 4 | 5 7 3 | 2 1 6 
3 2 1 | 9 6 4 | 5 8 7 
7 5 6 | 8 1 2 | 9 3 4 
---------------------
6 7 3 | 1 2 8 | 4 5 9 
4 1 2 | 6 9 5 | 3 7 8 
5 8 9 | 3 4 7 | 1 6 2 
---------------------
1 6 7 | 2 3 9 | 8 4 5 
9 4 5 | 7 8 1 | 6 2 3 
2 3 8 | 4 5 6 | 7 9 1 


Resets: 5
----------
3 9 5 | 7 2 1 | 8 6 4 
6 7 8 | 3 9 4 | 5 1 2 
2 1 4 | 5 8 6 | 3 7 9 
---------------------
8 6 1 | 4 7 2 | 9 3 5 
7 3 2 | 9 1 5 | 6 4 8 
5 4 9 | 8 6 3 | 7 2 1 
---------------------
9 8 6 | 1 4 7 | 2 5 3 
4 2 3 | 6 5 8 | 1 9 7 
1 5 7 | 2 3 9 | 4 8 6 


Resets: 8
----------
2 5 4 | 3 7 1 | 8 6 9 
8 6 7 | 4 9 2 | 5 3 1 
1 9 3 | 5 6 8 | 2 7 4 
---------------------
4 3 2 | 7 1 9 | 6 5 8 
5 7 8 | 6 4 3 | 1 9 2 
6 1 9 | 8 2 5 | 7 4 3 
---------------------
9 8 6 | 1 3 7 | 4 2 5 
7 2 5 | 9 8 4 | 3 1 6 
3 4 1 | 2 5 6 | 9 8 7 


Resets: 1
----------
4 6 2 | 8 9 1 | 5 3 7 
3 5 1 | 2 7 6 | 9 4 8 
9 8 7 | 4 3 5 | 6 2 1 
---------------------
1 9 6 | 7 4 2 | 8 5 3 
2 4 8 | 5 6 3 | 7 1 9 
7 3 5 | 1 8 9 | 2 6 4 
---------------------
5 2 4 | 9 1 7 | 3 8 6 
6 1 9 | 3 2 8 | 4 7 5 
8 7 3 | 6 5 4 | 1 9 2 


Resets: 2
----------
2 1 5 | 7 9 6 | 8 4 3 
4 6 8 | 5 3 2 | 7 1 9 
3 7 9 | 1 8 4 | 5 6 2 
---------------------
5 2 7 | 9 4 8 | 1 3 6 
6 8 1 | 2 7 3 | 4 9 5 
9 3 4 | 6 1 5 | 2 8 7 
---------------------
7 4 3 | 8 5 9 | 6 2 1 
1 9 6 | 4 2 7 | 3 5 8 
8 5 2 | 3 6 1 | 9 7 4 


Resets: 0
----------
8 4 3 | 5 2 7 | 6 1 9 
2 5 9 | 6 1 3 | 8 7 4 
7 6 1 | 8 9 4 | 2 5 3 
---------------------
4 8 6 | 3 5 1 | 9 2 7 
1 9 5 | 4 7 2 | 3 6 8 
3 2 7 | 9 6 8 | 1 4 5 
---------------------
6 7 8 | 1 3 5 | 4 9 2 
5 1 4 | 2 8 9 | 7 3 6 
9 3 2 | 7 4 6 | 5 8 1 


Resets: 0
----------
3 5 2 | 8 7 9 | 1 6 4 
9 7 8 | 1 6 4 | 3 2 5 
6 1 4 | 3 5 2 | 9 7 8 
---------------------
8 6 9 | 5 1 7 | 2 4 3 
4 2 5 | 9 8 3 | 6 1 7 
7 3 1 | 4 2 6 | 5 8 9 
---------------------
2 4 7 | 6 9 5 | 8 3 1 
1 9 3 | 2 4 8 | 7 5 6 
5 8 6 | 7 3 1 | 4 9 2 


Resets: 35
----------
4 6 9 | 5 3 2 | 1 8 7 
1 8 5 | 9 4 7 | 6 3 2 
7 2 3 | 8 1 6 | 4 9 5 
---------------------
9 1 4 | 6 7 5 | 3 2 8 
2 5 6 | 3 9 8 | 7 1 4 
3 7 8 | 4 2 1 | 9 5 6 
---------------------
6 3 2 | 1 5 4 | 8 7 9 
8 9 7 | 2 6 3 | 5 4 1 
5 4 1 | 7 8 9 | 2 6 3 


Resets: 4
----------
9 4 1 | 3 8 7 | 5 6 2 
6 7 5 | 2 4 9 | 1 8 3 
3 8 2 | 6 1 5 | 4 9 7 
---------------------
4 1 3 | 9 2 6 | 7 5 8 
7 2 8 | 5 3 1 | 6 4 9 
5 6 9 | 8 7 4 | 3 2 1 
---------------------
2 5 6 | 7 9 3 | 8 1 4 
1 9 7 | 4 5 8 | 2 3 6 
8 3 4 | 1 6 2 | 9 7 5 


Resets: 3
----------
4 9 2 | 3 1 7 | 8 5 6 
5 7 8 | 9 4 6 | 3 2 1 
6 1 3 | 5 8 2 | 7 4 9 
---------------------
9 3 6 | 2 7 5 | 1 8 4 
2 8 1 | 4 6 9 | 5 7 3 
7 5 4 | 1 3 8 | 6 9 2 
---------------------
3 6 5 | 7 9 4 | 2 1 8 
1 4 7 | 8 2 3 | 9 6 5 
8 2 9 | 6 5 1 | 4 3 7 


Resets: 19
----------
4 6 9 | 1 5 7 | 3 8 2 
2 5 3 | 8 6 4 | 9 7 1 
8 7 1 | 2 9 3 | 4 6 5 
---------------------
3 9 6 | 5 1 2 | 7 4 8 
1 8 4 | 3 7 9 | 2 5 6 
5 2 7 | 6 4 8 | 1 3 9 
---------------------
6 4 2 | 7 8 1 | 5 9 3 
9 1 5 | 4 3 6 | 8 2 7 
7 3 8 | 9 2 5 | 6 1 4 


Resets: 15
----------
1 7 9 | 6 5 2 | 8 3 4 
4 3 8 | 9 1 7 | 5 6 2 
2 5 6 | 8 4 3 | 9 7 1 
---------------------
9 1 3 | 7 6 5 | 4 2 8 
5 2 7 | 4 3 8 | 1 9 6 
8 6 4 | 1 2 9 | 7 5 3 
---------------------
3 9 1 | 5 8 6 | 2 4 7 
6 8 5 | 2 7 4 | 3 1 9 
7 4 2 | 3 9 1 | 6 8 5 


Resets: 27
----------
2 3 4 | 7 5 8 | 1 6 9 
8 1 9 | 4 6 3 | 7 5 2 
5 7 6 | 1 9 2 | 3 4 8 
---------------------
7 4 2 | 8 3 5 | 6 9 1 
6 8 3 | 9 4 1 | 2 7 5 
9 5 1 | 6 2 7 | 4 8 3 
---------------------
3 9 5 | 2 7 4 | 8 1 6 
4 6 8 | 3 1 9 | 5 2 7 
1 2 7 | 5 8 6 | 9 3 4 


Resets: 4
----------
8 1 6 | 7 4 5 | 3 2 9 
2 3 4 | 9 6 8 | 5 1 7 
7 9 5 | 2 3 1 | 6 4 8 
---------------------
1 5 7 | 4 9 6 | 2 8 3 
9 6 2 | 8 1 3 | 4 7 5 
4 8 3 | 5 7 2 | 1 9 6 
---------------------
3 2 8 | 1 5 9 | 7 6 4 
5 7 1 | 6 8 4 | 9 3 2 
6 4 9 | 3 2 7 | 8 5 1 


Resets: 16
----------
3 7 2 | 6 5 9 | 4 1 8 
8 9 4 | 1 3 2 | 7 6 5 
6 1 5 | 8 7 4 | 9 2 3 
---------------------
9 8 6 | 7 2 5 | 1 3 4 
5 3 1 | 9 4 8 | 2 7 6 
4 2 7 | 3 1 6 | 8 5 9 
---------------------
2 6 3 | 4 8 1 | 5 9 7 
1 4 9 | 5 6 7 | 3 8 2 
7 5 8 | 2 9 3 | 6 4 1 


Resets: 1
----------
8 3 7 | 6 2 5 | 9 4 1 
1 6 5 | 9 3 4 | 2 7 8 
2 9 4 | 8 1 7 | 6 5 3 
---------------------
6 5 9 | 4 8 2 | 1 3 7 
4 7 2 | 1 6 3 | 5 8 9 
3 8 1 | 5 7 9 | 4 2 6 
---------------------
5 4 6 | 3 9 8 | 7 1 2 
7 1 3 | 2 5 6 | 8 9 4 
9 2 8 | 7 4 1 | 3 6 5 


Resets: 10
----------
5 8 3 | 7 1 4 | 9 2 6 
7 4 9 | 3 6 2 | 5 8 1 
6 2 1 | 5 9 8 | 3 4 7 
---------------------
9 5 8 | 4 7 6 | 1 3 2 
4 6 2 | 8 3 1 | 7 5 9 
1 3 7 | 2 5 9 | 8 6 4 
---------------------
2 1 6 | 9 8 3 | 4 7 5 
8 7 4 | 1 2 5 | 6 9 3 
3 9 5 | 6 4 7 | 2 1 8 


Resets: 3
----------
4 6 7 | 8 2 5 | 1 9 3 
8 9 3 | 6 4 1 | 7 5 2 
1 2 5 | 3 7 9 | 4 8 6 
---------------------
2 3 6 | 1 9 8 | 5 7 4 
9 1 4 | 5 6 7 | 3 2 8 
7 5 8 | 2 3 4 | 9 6 1 
---------------------
6 7 2 | 4 5 3 | 8 1 9 
3 8 9 | 7 1 2 | 6 4 5 
5 4 1 | 9 8 6 | 2 3 7 


Resets: 3
----------
9 4 8 | 6 3 7 | 2 1 5 
2 1 3 | 5 8 4 | 9 6 7 
7 5 6 | 1 2 9 | 8 3 4 
---------------------
1 9 4 | 3 7 8 | 5 2 6 
6 3 5 | 2 4 1 | 7 9 8 
8 7 2 | 9 5 6 | 3 4 1 
---------------------
5 2 1 | 8 6 3 | 4 7 9 
3 6 7 | 4 9 5 | 1 8 2 
4 8 9 | 7 1 2 | 6 5 3 


Resets: 25
----------
4 3 5 | 9 6 7 | 8 1 2 
1 6 8 | 4 2 3 | 9 7 5 
2 9 7 | 1 5 8 | 3 6 4 
---------------------
7 1 4 | 3 9 2 | 5 8 6 
9 8 6 | 7 4 5 | 2 3 1 
3 5 2 | 8 1 6 | 7 4 9 
---------------------
5 2 3 | 6 7 1 | 4 9 8 
8 4 1 | 5 3 9 | 6 2 7 
6 7 9 | 2 8 4 | 1 5 3 


Resets: 16
----------
9 6 2 | 8 7 4 | 5 3 1 
1 3 4 | 9 5 6 | 7 2 8 
8 5 7 | 3 1 2 | 4 9 6 
---------------------
5 9 1 | 4 2 7 | 8 6 3 
4 2 3 | 6 8 5 | 9 1 7 
7 8 6 | 1 9 3 | 2 5 4 
---------------------
2 4 9 | 7 3 1 | 6 8 5 
6 1 5 | 2 4 8 | 3 7 9 
3 7 8 | 5 6 9 | 1 4 2 


Resets: 26
----------
9 5 8 | 6 4 3 | 1 7 2 
3 4 2 | 8 1 7 | 5 9 6 
7 6 1 | 9 2 5 | 4 8 3 
---------------------
8 9 6 | 7 5 2 | 3 1 4 
2 1 5 | 4 3 8 | 7 6 9 
4 7 3 | 1 9 6 | 2 5 8 
---------------------
5 3 9 | 2 8 1 | 6 4 7 
6 2 4 | 5 7 9 | 8 3 1 
1 8 7 | 3 6 4 | 9 2 5 


Resets: 19
----------
8 7 2 | 1 9 6 | 3 5 4 
3 6 5 | 4 8 2 | 1 9 7 
9 1 4 | 5 7 3 | 6 8 2 
---------------------
5 2 3 | 8 6 7 | 4 1 9 
6 9 7 | 2 4 1 | 5 3 8 
1 4 8 | 3 5 9 | 2 7 6 
---------------------
2 5 9 | 7 1 4 | 8 6 3 
4 8 6 | 9 3 5 | 7 2 1 
7 3 1 | 6 2 8 | 9 4 5 


Resets: 6
----------
7 4 3 | 5 2 9 | 8 1 6 
5 1 6 | 7 8 3 | 4 9 2 
2 9 8 | 4 1 6 | 7 5 3 
---------------------
1 3 5 | 8 4 2 | 6 7 9 
9 2 4 | 3 6 7 | 5 8 1 
8 6 7 | 9 5 1 | 2 3 4 
---------------------
4 7 1 | 6 3 8 | 9 2 5 
6 8 2 | 1 9 5 | 3 4 7 
3 5 9 | 2 7 4 | 1 6 8 


Resets: 14
----------
4 7 8 | 1 3 5 | 9 6 2 
5 1 2 | 9 8 6 | 7 4 3 
9 6 3 | 2 7 4 | 8 1 5 
---------------------
3 8 4 | 7 6 2 | 5 9 1 
2 5 6 | 3 9 1 | 4 8 7 
7 9 1 | 5 4 8 | 3 2 6 
---------------------
8 3 9 | 6 1 7 | 2 5 4 
1 2 7 | 4 5 9 | 6 3 8 
6 4 5 | 8 2 3 | 1 7 9 


Resets: 4
----------
6 5 1 | 9 2 8 | 3 4 7 
4 7 2 | 6 3 5 | 1 8 9 
9 8 3 | 7 1 4 | 2 6 5 
---------------------
7 3 8 | 2 9 6 | 4 5 1 
5 2 9 | 1 4 3 | 8 7 6 
1 6 4 | 8 5 7 | 9 3 2 
---------------------
8 9 6 | 4 7 1 | 5 2 3 
2 4 5 | 3 6 9 | 7 1 8 
3 1 7 | 5 8 2 | 6 9 4 


Resets: 20
----------
4 7 5 | 8 3 9 | 2 6 1 
9 6 2 | 4 1 5 | 8 7 3 
8 3 1 | 6 7 2 | 5 9 4 
---------------------
5 4 6 | 1 9 8 | 3 2 7 
3 8 7 | 2 5 4 | 9 1 6 
2 1 9 | 7 6 3 | 4 8 5 
---------------------
1 9 8 | 3 4 6 | 7 5 2 
6 5 4 | 9 2 7 | 1 3 8 
7 2 3 | 5 8 1 | 6 4 9 


Resets: 51
----------
5 7 8 | 9 4 1 | 2 3 6 
4 9 3 | 8 2 6 | 7 5 1 
1 6 2 | 3 5 7 | 4 8 9 
---------------------
6 1 9 | 4 8 3 | 5 7 2 
3 2 7 | 6 9 5 | 1 4 8 
8 4 5 | 7 1 2 | 9 6 3 
---------------------
2 5 6 | 1 3 4 | 8 9 7 
7 8 1 | 5 6 9 | 3 2 4 
9 3 4 | 2 7 8 | 6 1 5 


Resets: 7
----------
9 4 3 | 7 1 5 | 2 8 6 
8 5 7 | 6 2 9 | 1 3 4 
6 2 1 | 4 3 8 | 9 7 5 
---------------------
7 9 6 | 2 5 4 | 3 1 8 
3 8 4 | 9 7 1 | 6 5 2 
2 1 5 | 8 6 3 | 7 4 9 
---------------------
5 7 9 | 1 8 6 | 4 2 3 
4 3 2 | 5 9 7 | 8 6 1 
1 6 8 | 3 4 2 | 5 9 7 


Resets: 8
----------
8 6 4 | 9 7 1 | 3 5 2 
9 1 3 | 2 5 6 | 7 4 8 
5 7 2 | 8 3 4 | 1 9 6 
---------------------
2 3 7 | 4 1 5 | 6 8 9 
6 8 1 | 7 2 9 | 4 3 5 
4 5 9 | 3 6 8 | 2 7 1 
---------------------
3 4 5 | 6 9 2 | 8 1 7 
7 9 6 | 1 8 3 | 5 2 4 
1 2 8 | 5 4 7 | 9 6 3 


Resets: 22
----------
5 7 9 | 6 1 4 | 3 8 2 
4 6 2 | 9 3 8 | 7 5 1 
3 8 1 | 5 2 7 | 9 6 4 
---------------------
2 1 7 | 4 8 3 | 6 9 5 
6 3 5 | 2 7 9 | 4 1 8 
8 9 4 | 1 5 6 | 2 7 3 
---------------------
7 2 3 | 8 6 5 | 1 4 9 
1 4 8 | 7 9 2 | 5 3 6 
9 5 6 | 3 4 1 | 8 2 7 


Resets: 30
----------
8 9 5 | 2 4 3 | 1 6 7 
3 1 7 | 6 8 9 | 5 4 2 
2 4 6 | 1 7 5 | 8 3 9 
---------------------
6 8 1 | 3 2 7 | 4 9 5 
4 2 3 | 9 5 1 | 6 7 8 
5 7 9 | 4 6 8 | 2 1 3 
---------------------
1 3 2 | 8 9 6 | 7 5 4 
9 5 8 | 7 1 4 | 3 2 6 
7 6 4 | 5 3 2 | 9 8 1 


Resets: 8
----------
2 5 3 | 1 8 6 | 4 9 7 
1 9 7 | 5 3 4 | 8 6 2 
4 6 8 | 2 7 9 | 1 3 5 
---------------------
3 1 5 | 9 6 2 | 7 8 4 
9 4 6 | 8 5 7 | 2 1 3 
7 8 2 | 3 4 1 | 9 5 6 
---------------------
5 3 4 | 7 1 8 | 6 2 9 
8 7 9 | 6 2 3 | 5 4 1 
6 2 1 | 4 9 5 | 3 7 8 


Resets: 12
----------
9 5 2 | 4 3 6 | 7 8 1 
3 8 7 | 9 2 1 | 6 4 5 
1 4 6 | 5 8 7 | 3 9 2 
---------------------
4 2 1 | 7 5 8 | 9 6 3 
8 9 5 | 3 6 4 | 2 1 7 
6 7 3 | 1 9 2 | 8 5 4 
---------------------
7 1 9 | 8 4 3 | 5 2 6 
5 6 4 | 2 7 9 | 1 3 8 
2 3 8 | 6 1 5 | 4 7 9 


Resets: 4
----------
2 3 8 | 7 6 9 | 5 1 4 
7 4 6 | 5 1 3 | 8 9 2 
1 9 5 | 2 8 4 | 3 7 6 
---------------------
3 8 9 | 6 4 5 | 1 2 7 
6 5 2 | 1 3 7 | 4 8 9 
4 1 7 | 9 2 8 | 6 3 5 
---------------------
5 6 1 | 8 7 2 | 9 4 3 
9 7 4 | 3 5 1 | 2 6 8 
8 2 3 | 4 9 6 | 7 5 1 


Resets: 15
----------
4 7 5 | 3 1 6 | 8 9 2 
2 8 9 | 7 5 4 | 6 1 3 
6 3 1 | 8 9 2 | 4 7 5 
---------------------
3 6 2 | 4 7 1 | 9 5 8 
7 5 4 | 9 3 8 | 1 2 6 
9 1 8 | 2 6 5 | 7 3 4 
---------------------
8 9 6 | 5 2 7 | 3 4 1 
5 4 3 | 1 8 9 | 2 6 7 
1 2 7 | 6 4 3 | 5 8 9 


Resets: 6
----------
8 6 5 | 2 3 7 | 4 9 1 
9 7 3 | 4 1 8 | 2 5 6 
2 4 1 | 9 5 6 | 8 3 7 
---------------------
3 9 6 | 1 4 2 | 7 8 5 
4 5 2 | 7 8 3 | 1 6 9 
7 1 8 | 6 9 5 | 3 2 4 
---------------------
5 2 7 | 3 6 1 | 9 4 8 
1 8 4 | 5 2 9 | 6 7 3 
6 3 9 | 8 7 4 | 5 1 2 


Resets: 16
----------
8 9 2 | 1 5 4 | 7 6 3 
7 4 6 | 8 3 9 | 1 2 5 
5 1 3 | 6 2 7 | 4 9 8 
---------------------
6 5 9 | 3 7 1 | 2 8 4 
2 3 1 | 4 8 6 | 5 7 9 
4 7 8 | 2 9 5 | 6 3 1 
---------------------
9 8 4 | 7 1 2 | 3 5 6 
3 6 7 | 5 4 8 | 9 1 2 
1 2 5 | 9 6 3 | 8 4 7 


Resets: 48
----------
9 6 7 | 2 8 3 | 5 1 4 
2 4 1 | 6 5 9 | 7 3 8 
3 5 8 | 4 7 1 | 9 6 2 
---------------------
8 3 6 | 5 9 7 | 4 2 1 
4 9 2 | 1 6 8 | 3 5 7 
1 7 5 | 3 4 2 | 8 9 6 
---------------------
6 8 3 | 7 1 5 | 2 4 9 
5 1 9 | 8 2 4 | 6 7 3 
7 2 4 | 9 3 6 | 1 8 5 


Resets: 4
----------
7 9 3 | 2 4 1 | 6 8 5 
1 6 2 | 5 8 7 | 4 3 9 
4 8 5 | 6 3 9 | 2 1 7 
---------------------
3 7 1 | 8 6 4 | 9 5 2 
6 2 8 | 3 9 5 | 7 4 1 
9 5 4 | 1 7 2 | 3 6 8 
---------------------
5 4 6 | 9 2 8 | 1 7 3 
2 1 7 | 4 5 3 | 8 9 6 
8 3 9 | 7 1 6 | 5 2 4 


Resets: 3
----------
3 2 1 | 8 4 5 | 9 6 7 
9 6 4 | 7 1 2 | 3 8 5 
8 7 5 | 3 6 9 | 4 2 1 
---------------------
7 5 8 | 6 9 1 | 2 3 4 
2 3 6 | 5 8 4 | 7 1 9 
4 1 9 | 2 3 7 | 6 5 8 
---------------------
1 4 2 | 9 5 3 | 8 7 6 
6 9 3 | 1 7 8 | 5 4 2 
5 8 7 | 4 2 6 | 1 9 3 


Resets: 10
----------
1 2 6 | 3 4 8 | 9 7 5 
5 8 4 | 7 1 9 | 3 6 2 
3 7 9 | 2 5 6 | 8 1 4 
---------------------
9 3 1 | 6 2 7 | 5 4 8 
4 6 8 | 9 3 5 | 1 2 7 
2 5 7 | 1 8 4 | 6 3 9 
---------------------
6 1 5 | 4 9 2 | 7 8 3 
8 4 3 | 5 7 1 | 2 9 6 
7 9 2 | 8 6 3 | 4 5 1 


Resets: 7
----------
5 4 8 | 2 6 9 | 7 1 3 
3 7 2 | 4 1 5 | 6 9 8 
1 6 9 | 8 3 7 | 2 5 4 
---------------------
6 1 4 | 9 2 3 | 8 7 5 
2 5 3 | 6 7 8 | 1 4 9 
9 8 7 | 1 5 4 | 3 6 2 
---------------------
7 3 1 | 5 9 2 | 4 8 6 
8 2 5 | 7 4 6 | 9 3 1 
4 9 6 | 3 8 1 | 5 2 7 


Resets: 11
----------
2 9 6 | 8 7 3 | 1 4 5 
4 7 3 | 9 5 1 | 8 2 6 
8 5 1 | 4 2 6 | 9 3 7 
---------------------
7 2 9 | 3 4 5 | 6 8 1 
1 8 4 | 2 6 9 | 5 7 3 
3 6 5 | 7 1 8 | 2 9 4 
---------------------
9 1 8 | 5 3 7 | 4 6 2 
5 4 7 | 6 9 2 | 3 1 8 
6 3 2 | 1 8 4 | 7 5 9 


Resets: 20
----------
4 6 1 | 8 3 5 | 9 2 7 
7 2 5 | 9 4 1 | 3 8 6 
3 9 8 | 2 7 6 | 4 1 5 
---------------------
8 4 6 | 7 1 3 | 2 5 9 
9 1 3 | 5 6 2 | 7 4 8 
2 5 7 | 4 9 8 | 1 6 3 
---------------------
1 3 4 | 6 8 9 | 5 7 2 
6 7 2 | 3 5 4 | 8 9 1 
5 8 9 | 1 2 7 | 6 3 4 


Resets: 0
----------
8 9 1 | 2 3 4 | 5 6 7 
5 6 2 | 8 7 9 | 1 3 4 
4 3 7 | 6 1 5 | 9 8 2 
---------------------
2 4 6 | 9 8 1 | 7 5 3 
1 7 8 | 5 6 3 | 2 4 9 
9 5 3 | 7 4 2 | 8 1 6 
---------------------
7 1 5 | 3 2 6 | 4 9 8 
3 2 9 | 4 5 8 | 6 7 1 
6 8 4 | 1 9 7 | 3 2 5 


Resets: 9
----------
3 5 2 | 4 8 1 | 6 9 7 
7 8 9 | 5 6 3 | 2 1 4 
1 6 4 | 7 9 2 | 8 5 3 
---------------------
2 9 7 | 3 1 6 | 5 4 8 
5 3 1 | 8 2 4 | 9 7 6 
8 4 6 | 9 7 5 | 1 3 2 
---------------------
6 7 3 | 2 5 9 | 4 8 1 
4 1 5 | 6 3 8 | 7 2 9 
9 2 8 | 1 4 7 | 3 6 5 


Resets: 7
----------
3 2 6 | 1 5 8 | 4 9 7 
5 7 1 | 6 9 4 | 8 3 2 
9 8 4 | 3 7 2 | 6 5 1 
---------------------
6 3 5 | 2 8 7 | 9 1 4 
1 9 8 | 4 6 3 | 2 7 5 
2 4 7 | 9 1 5 | 3 6 8 
---------------------
8 6 9 | 5 2 1 | 7 4 3 
4 5 2 | 7 3 9 | 1 8 6 
7 1 3 | 8 4 6 | 5 2 9 


Resets: 1
----------
2 8 4 | 7 3 6 | 9 5 1 
3 1 7 | 2 9 5 | 6 8 4 
6 9 5 | 1 4 8 | 2 3 7 
---------------------
1 4 2 | 3 7 9 | 5 6 8 
8 6 9 | 5 2 4 | 1 7 3 
5 7 3 | 8 6 1 | 4 9 2 
---------------------
9 3 8 | 4 5 2 | 7 1 6 
7 2 6 | 9 1 3 | 8 4 5 
4 5 1 | 6 8 7 | 3 2 9 


Resets: 2
----------
4 7 6 | 1 8 9 | 3 2 5 
8 3 1 | 2 7 5 | 6 4 9 
9 2 5 | 6 3 4 | 7 8 1 
---------------------
2 6 8 | 9 4 7 | 1 5 3 
1 5 4 | 3 2 6 | 9 7 8 
3 9 7 | 8 5 1 | 4 6 2 
---------------------
5 4 2 | 7 1 3 | 8 9 6 
6 8 3 | 4 9 2 | 5 1 7 
7 1 9 | 5 6 8 | 2 3 4 


Resets: 6
----------
1 9 3 | 6 4 2 | 5 7 8 
5 2 8 | 1 7 9 | 4 3 6 
7 6 4 | 3 8 5 | 2 1 9 
---------------------
9 4 1 | 8 6 3 | 7 5 2 
8 3 2 | 5 9 7 | 6 4 1 
6 5 7 | 4 2 1 | 8 9 3 
---------------------
2 8 5 | 9 3 4 | 1 6 7 
4 7 9 | 2 1 6 | 3 8 5 
3 1 6 | 7 5 8 | 9 2 4 


Resets: 6
----------
8 7 3 | 4 9 2 | 5 1 6 
4 1 2 | 6 7 5 | 3 9 8 
6 5 9 | 1 3 8 | 7 4 2 
---------------------
1 4 6 | 2 5 3 | 8 7 9 
9 2 5 | 8 6 7 | 1 3 4 
7 3 8 | 9 1 4 | 6 2 5 
---------------------
5 6 7 | 3 2 9 | 4 8 1 
3 9 4 | 5 8 1 | 2 6 7 
2 8 1 | 7 4 6 | 9 5 3 


Resets: 22
----------
6 9 4 | 2 7 3 | 1 8 5 
5 1 2 | 9 4 8 | 6 3 7 
3 8 7 | 1 5 6 | 9 2 4 
---------------------
2 4 9 | 5 8 1 | 3 7 6 
7 3 5 | 6 2 4 | 8 1 9 
1 6 8 | 7 3 9 | 4 5 2 
---------------------
8 2 1 | 4 6 5 | 7 9 3 
9 7 6 | 3 1 2 | 5 4 8 
4 5 3 | 8 9 7 | 2 6 1 


Resets: 11
----------
5 6 8 | 9 4 7 | 3 1 2 
2 7 1 | 8 3 5 | 4 9 6 
9 3 4 | 1 2 6 | 7 8 5 
---------------------
1 2 6 | 3 8 4 | 5 7 9 
3 5 9 | 2 7 1 | 6 4 8 
4 8 7 | 5 6 9 | 2 3 1 
---------------------
7 9 3 | 6 1 2 | 8 5 4 
6 4 5 | 7 9 8 | 1 2 3 
8 1 2 | 4 5 3 | 9 6 7 


Resets: 0
----------
7 6 5 | 3 8 1 | 2 9 4 
8 1 4 | 2 9 7 | 6 5 3 
2 9 3 | 5 4 6 | 1 8 7 
---------------------
9 7 1 | 4 2 5 | 3 6 8 
5 8 2 | 6 1 3 | 7 4 9 
3 4 6 | 8 7 9 | 5 2 1 
---------------------
4 5 7 | 9 3 2 | 8 1 6 
1 2 8 | 7 6 4 | 9 3 5 
6 3 9 | 1 5 8 | 4 7 2 


Resets: 5
----------
7 9 4 | 2 3 1 | 6 5 8 
5 6 2 | 4 8 9 | 7 1 3 
1 8 3 | 6 7 5 | 2 9 4 
---------------------
9 3 5 | 8 2 4 | 1 7 6 
4 2 6 | 1 9 7 | 8 3 5 
8 7 1 | 5 6 3 | 4 2 9 
---------------------
6 1 8 | 9 5 2 | 3 4 7 
2 5 7 | 3 4 6 | 9 8 1 
3 4 9 | 7 1 8 | 5 6 2 


Resets: 8
----------
3 6 5 | 7 4 9 | 2 8 1 
2 4 8 | 3 1 6 | 9 7 5 
7 9 1 | 2 5 8 | 6 4 3 
---------------------
1 2 4 | 9 6 3 | 8 5 7 
6 8 3 | 5 2 7 | 1 9 4 
9 5 7 | 1 8 4 | 3 6 2 
---------------------
4 3 9 | 6 7 2 | 5 1 8 
5 7 2 | 8 9 1 | 4 3 6 
8 1 6 | 4 3 5 | 7 2 9 


Resets: 0
----------
9 4 8 | 6 7 5 | 1 2 3 
1 2 7 | 4 3 9 | 6 5 8 
5 6 3 | 1 2 8 | 7 4 9 
---------------------
4 9 5 | 7 8 3 | 2 6 1 
7 1 6 | 9 4 2 | 3 8 5 
8 3 2 | 5 6 1 | 4 9 7 
---------------------
6 5 4 | 8 1 7 | 9 3 2 
3 8 1 | 2 9 6 | 5 7 4 
2 7 9 | 3 5 4 | 8 1 6 


Resets: 1
----------
4 9 7 | 1 5 2 | 3 6 8 
8 6 2 | 7 4 3 | 1 5 9 
1 3 5 | 9 6 8 | 2 7 4 
---------------------
2 4 9 | 3 8 7 | 6 1 5 
3 8 1 | 6 2 5 | 9 4 7 
5 7 6 | 4 9 1 | 8 3 2 
---------------------
6 1 4 | 8 7 9 | 5 2 3 
7 5 8 | 2 3 6 | 4 9 1 
9 2 3 | 5 1 4 | 7 8 6 


Resets: 13
----------
3 4 8 | 9 7 1 | 6 2 5 
1 9 6 | 5 2 4 | 7 3 8 
5 2 7 | 3 8 6 | 4 9 1 
---------------------
2 1 5 | 6 3 8 | 9 7 4 
6 8 4 | 2 9 7 | 1 5 3 
9 7 3 | 4 1 5 | 8 6 2 
---------------------
7 6 1 | 8 5 3 | 2 4 9 
4 3 9 | 1 6 2 | 5 8 7 
8 5 2 | 7 4 9 | 3 1 6 


Resets: 18
----------
1 2 3 | 9 7 5 | 4 8 6 
6 4 9 | 3 1 8 | 7 2 5 
8 7 5 | 2 4 6 | 1 3 9 
---------------------
3 1 2 | 8 6 9 | 5 7 4 
5 9 7 | 4 2 1 | 3 6 8 
4 8 6 | 7 5 3 | 2 9 1 
---------------------
9 6 4 | 5 3 2 | 8 1 7 
2 5 1 | 6 8 7 | 9 4 3 
7 3 8 | 1 9 4 | 6 5 2 


Resets: 8
----------
6 1 9 | 3 8 5 | 4 2 7 
8 7 3 | 2 4 1 | 5 9 6 
2 4 5 | 9 7 6 | 1 8 3 
---------------------
3 8 4 | 7 1 9 | 6 5 2 
9 6 2 | 5 3 8 | 7 4 1 
1 5 7 | 4 6 2 | 9 3 8 
---------------------
4 9 1 | 6 2 3 | 8 7 5 
5 2 6 | 8 9 7 | 3 1 4 
7 3 8 | 1 5 4 | 2 6 9 


Resets: 1
----------
3 8 7 | 1 4 5 | 9 6 2 
5 2 6 | 9 7 3 | 4 8 1 
1 9 4 | 2 6 8 | 5 7 3 
---------------------
6 5 2 | 4 9 7 | 1 3 8 
4 1 3 | 8 5 6 | 7 2 9 
9 7 8 | 3 2 1 | 6 4 5 
---------------------
8 3 5 | 6 1 4 | 2 9 7 
2 4 1 | 7 8 9 | 3 5 6 
7 6 9 | 5 3 2 | 8 1 4 


Resets: 20
----------
8 2 6 | 5 3 4 | 9 1 7 
4 9 3 | 8 7 1 | 2 5 6 
1 7 5 | 2 9 6 | 8 4 3 
---------------------
6 3 1 | 4 8 7 | 5 2 9 
9 5 8 | 6 1 2 | 3 7 4 
7 4 2 | 3 5 9 | 1 6 8 
---------------------
3 8 4 | 1 6 5 | 7 9 2 
5 6 7 | 9 2 3 | 4 8 1 
2 1 9 | 7 4 8 | 6 3 5 


Resets: 5
----------
5 8 6 | 1 3 2 | 7 4 9 
1 4 2 | 7 5 9 | 6 8 3 
7 3 9 | 6 4 8 | 2 1 5 
---------------------
9 1 7 | 2 6 4 | 5 3 8 
4 6 8 | 5 9 3 | 1 2 7 
3 2 5 | 8 7 1 | 4 9 6 
---------------------
8 7 1 | 3 2 5 | 9 6 4 
2 5 4 | 9 8 6 | 3 7 1 
6 9 3 | 4 1 7 | 8 5 2 


Resets: 32
----------
5 2 6 | 4 8 1 | 7 3 9 
1 7 8 | 3 2 9 | 4 5 6 
3 9 4 | 7 5 6 | 2 1 8 
---------------------
2 8 5 | 1 9 7 | 6 4 3 
4 1 3 | 8 6 2 | 5 9 7 
9 6 7 | 5 3 4 | 1 8 2 
---------------------
8 4 2 | 9 7 5 | 3 6 1 
7 3 1 | 6 4 8 | 9 2 5 
6 5 9 | 2 1 3 | 8 7 4 


Resets: 3
----------
5 1 4 | 7 9 8 | 2 3 6 
6 8 9 | 4 2 3 | 1 7 5 
7 2 3 | 6 5 1 | 8 9 4 
---------------------
2 3 6 | 1 8 4 | 9 5 7 
4 7 8 | 5 3 9 | 6 2 1 
1 9 5 | 2 7 6 | 4 8 3 
---------------------
3 6 7 | 9 1 2 | 5 4 8 
8 4 2 | 3 6 5 | 7 1 9 
9 5 1 | 8 4 7 | 3 6 2 


Resets: 48
----------
7 2 5 | 3 8 6 | 1 9 4 
3 8 9 | 7 1 4 | 6 2 5 
6 1 4 | 5 2 9 | 7 8 3 
---------------------
2 4 3 | 1 5 8 | 9 7 6 
9 5 8 | 6 3 7 | 4 1 2 
1 7 6 | 9 4 2 | 5 3 8 
---------------------
4 3 1 | 8 7 5 | 2 6 9 
8 6 2 | 4 9 1 | 3 5 7 
5 9 7 | 2 6 3 | 8 4 1 


Resets: 7
----------
9 2 8 | 3 1 7 | 5 4 6 
7 3 4 | 9 6 5 | 2 1 8 
1 6 5 | 2 4 8 | 9 7 3 
---------------------
8 5 1 | 7 9 3 | 6 2 4 
3 4 9 | 5 2 6 | 1 8 7 
6 7 2 | 1 8 4 | 3 9 5 
---------------------
2 8 6 | 4 5 9 | 7 3 1 
4 1 7 | 6 3 2 | 8 5 9 
5 9 3 | 8 7 1 | 4 6 2 


Resets: 7
----------
6 9 1 | 2 3 7 | 5 4 8 
8 3 7 | 5 4 9 | 1 2 6 
5 4 2 | 6 8 1 | 3 9 7 
---------------------
1 8 9 | 7 2 3 | 4 6 5 
2 5 3 | 1 6 4 | 7 8 9 
4 7 6 | 8 9 5 | 2 3 1 
---------------------
3 1 4 | 9 5 8 | 6 7 2 
9 2 5 | 4 7 6 | 8 1 3 
7 6 8 | 3 1 2 | 9 5 4 


Resets: 1
----------
9 6 8 | 7 5 2 | 3 4 1 
4 3 5 | 1 6 8 | 9 2 7 
7 2 1 | 4 9 3 | 8 5 6 
---------------------
5 8 4 | 2 3 6 | 1 7 9 
1 7 3 | 9 8 4 | 5 6 2 
2 9 6 | 5 1 7 | 4 8 3 
---------------------
8 4 2 | 3 7 1 | 6 9 5 
3 5 7 | 6 4 9 | 2 1 8 
6 1 9 | 8 2 5 | 7 3 4 


Resets: 18
----------
9 3 8 | 5 7 1 | 6 2 4 
2 7 5 | 4 6 8 | 3 1 9 
1 4 6 | 2 3 9 | 7 5 8 
---------------------
4 6 2 | 3 9 5 | 1 8 7 
3 1 7 | 8 2 4 | 5 9 6 
8 5 9 | 6 1 7 | 4 3 2 
---------------------
7 2 1 | 9 5 6 | 8 4 3 
5 8 3 | 7 4 2 | 9 6 1 
6 9 4 | 1 8 3 | 2 7 5 


Resets: 2
----------
7 2 1 | 3 4 9 | 8 6 5 
8 4 6 | 7 5 2 | 9 1 3 
3 5 9 | 1 6 8 | 4 7 2 
---------------------
6 1 4 | 8 7 5 | 3 2 9 
5 9 8 | 2 1 3 | 6 4 7 
2 3 7 | 6 9 4 | 5 8 1 
---------------------
1 7 5 | 9 8 6 | 2 3 4 
9 8 2 | 4 3 1 | 7 5 6 
4 6 3 | 5 2 7 | 1 9 8 


Resets: 4
----------
6 1 2 | 5 7 9 | 4 3 8 
4 5 7 | 1 3 8 | 9 6 2 
8 9 3 | 2 4 6 | 5 7 1 
---------------------
2 8 6 | 9 5 3 | 7 1 4 
1 7 5 | 6 2 4 | 3 8 9 
9 3 4 | 8 1 7 | 2 5 6 
---------------------
3 6 9 | 7 8 2 | 1 4 5 
7 2 1 | 4 6 5 | 8 9 3 
5 4 8 | 3 9 1 | 6 2 7 


Resets: 8
----------
1 2 8 | 6 7 5 | 3 9 4 
6 7 5 | 9 3 4 | 8 1 2 
3 9 4 | 2 1 8 | 7 6 5 
---------------------
2 8 7 | 4 9 3 | 1 5 6 
4 6 1 | 5 2 7 | 9 8 3 
5 3 9 | 8 6 1 | 2 4 7 
---------------------
8 1 2 | 3 5 6 | 4 7 9 
9 4 6 | 7 8 2 | 5 3 1 
7 5 3 | 1 4 9 | 6 2 8 


Resets: 30
----------
1 8 9 | 2 7 5 | 6 3 4 
5 3 4 | 6 1 8 | 2 7 9 
6 2 7 | 9 3 4 | 5 1 8 
---------------------
4 9 2 | 1 5 6 | 3 8 7 
8 1 6 | 3 4 7 | 9 5 2 
7 5 3 | 8 9 2 | 1 4 6 
---------------------
9 7 8 | 5 6 3 | 4 2 1 
2 6 5 | 4 8 1 | 7 9 3 
3 4 1 | 7 2 9 | 8 6 5 


Resets: 5
----------
3 6 4 | 2 9 8 | 7 1 5 
9 5 2 | 7 3 1 | 6 4 8 
7 8 1 | 4 6 5 | 9 2 3 
---------------------
1 7 9 | 6 5 3 | 2 8 4 
8 3 6 | 9 2 4 | 1 5 7 
2 4 5 | 1 8 7 | 3 9 6 
---------------------
5 1 7 | 3 4 9 | 8 6 2 
4 2 3 | 8 1 6 | 5 7 9 
6 9 8 | 5 7 2 | 4 3 1 


Resets: 5
----------
5 9 7 | 3 6 4 | 1 2 8 
1 6 2 | 5 8 7 | 9 3 4 
3 8 4 | 1 2 9 | 6 5 7 
---------------------
9 4 5 | 2 7 8 | 3 1 6 
2 1 8 | 6 5 3 | 4 7 9 
6 7 3 | 9 4 1 | 5 8 2 
---------------------
4 5 9 | 8 1 2 | 7 6 3 
7 2 1 | 4 3 6 | 8 9 5 
8 3 6 | 7 9 5 | 2 4 1 


Resets: 8
----------
7 5 1 | 9 2 3 | 6 8 4 
9 3 2 | 4 8 6 | 1 5 7 
8 4 6 | 1 7 5 | 2 9 3 
---------------------
2 9 4 | 7 1 8 | 5 3 6 
6 8 5 | 3 9 4 | 7 1 2 
1 7 3 | 5 6 2 | 8 4 9 
---------------------
4 6 9 | 2 5 1 | 3 7 8 
3 1 8 | 6 4 7 | 9 2 5 
5 2 7 | 8 3 9 | 4 6 1 


Resets: 6
----------
9 8 1 | 6 5 2 | 4 7 3 
6 4 2 | 7 9 3 | 1 5 8 
5 7 3 | 8 4 1 | 2 6 9 
---------------------
1 5 9 | 3 7 8 | 6 4 2 
3 2 4 | 5 1 6 | 8 9 7 
7 6 8 | 9 2 4 | 5 3 1 
---------------------
8 9 7 | 1 6 5 | 3 2 4 
2 3 5 | 4 8 9 | 7 1 6 
4 1 6 | 2 3 7 | 9 8 5 


Resets: 9
----------
1 5 9 | 7 8 3 | 6 2 4 
3 4 6 | 9 2 1 | 7 5 8 
2 7 8 | 6 4 5 | 3 1 9 
---------------------
5 2 3 | 1 6 9 | 8 4 7 
8 1 7 | 5 3 4 | 2 9 6 
6 9 4 | 8 7 2 | 1 3 5 
---------------------
4 8 1 | 3 5 6 | 9 7 2 
7 3 2 | 4 9 8 | 5 6 1 
9 6 5 | 2 1 7 | 4 8 3 


Resets: 18
----------
6 5 7 | 1 9 8 | 2 4 3 
1 2 3 | 5 6 4 | 7 8 9 
8 4 9 | 2 7 3 | 5 6 1 
---------------------
4 8 5 | 9 3 7 | 6 1 2 
3 9 1 | 6 5 2 | 8 7 4 
7 6 2 | 8 4 1 | 9 3 5 
---------------------
9 3 4 | 7 2 6 | 1 5 8 
2 1 6 | 4 8 5 | 3 9 7 
5 7 8 | 3 1 9 | 4 2 6 


Resets: 19
----------
6 2 3 | 1 7 5 | 9 8 4 
7 5 9 | 4 8 6 | 2 1 3 
8 4 1 | 2 9 3 | 7 6 5 
---------------------
4 1 6 | 3 2 9 | 8 5 7 
2 9 7 | 6 5 8 | 4 3 1 
3 8 5 | 7 4 1 | 6 2 9 
---------------------
5 3 2 | 9 6 4 | 1 7 8 
1 7 4 | 8 3 2 | 5 9 6 
9 6 8 | 5 1 7 | 3 4 2 


Resets: 8
----------
5 9 1 | 3 8 2 | 7 6 4 
3 7 2 | 9 6 4 | 5 1 8 
6 8 4 | 1 5 7 | 9 2 3 
---------------------
2 6 5 | 4 9 1 | 3 8 7 
7 3 9 | 8 2 6 | 1 4 5 
1 4 8 | 7 3 5 | 2 9 6 
---------------------
8 5 6 | 2 7 9 | 4 3 1 
4 2 7 | 6 1 3 | 8 5 9 
9 1 3 | 5 4 8 | 6 7 2 


Resets: 17
----------
7 9 6 | 2 5 1 | 3 4 8 
8 2 1 | 7 4 3 | 9 5 6 
5 3 4 | 8 9 6 | 1 7 2 
---------------------
4 8 3 | 5 6 2 | 7 1 9 
1 6 2 | 9 3 7 | 4 8 5 
9 5 7 | 4 1 8 | 2 6 3 
---------------------
6 1 5 | 3 2 4 | 8 9 7 
3 7 9 | 1 8 5 | 6 2 4 
2 4 8 | 6 7 9 | 5 3 1 


Resets: 10
----------
1 5 6 | 2 8 3 | 4 9 7 
2 9 4 | 1 5 7 | 6 8 3 
7 8 3 | 6 4 9 | 2 5 1 
---------------------
5 7 8 | 3 2 1 | 9 6 4 
3 1 9 | 8 6 4 | 7 2 5 
4 6 2 | 9 7 5 | 1 3 8 
---------------------
6 4 5 | 7 3 2 | 8 1 9 
9 2 7 | 5 1 8 | 3 4 6 
8 3 1 | 4 9 6 | 5 7 2 


Resets: 12
----------
2 7 3 | 9 1 8 | 6 4 5 
5 1 4 | 6 3 7 | 2 9 8 
6 9 8 | 5 2 4 | 3 7 1 
---------------------
4 6 7 | 8 5 1 | 9 2 3 
1 3 9 | 7 4 2 | 5 8 6 
8 5 2 | 3 6 9 | 7 1 4 
---------------------
7 2 5 | 1 8 6 | 4 3 9 
9 8 6 | 4 7 3 | 1 5 2 
3 4 1 | 2 9 5 | 8 6 7 


Resets: 35
----------
5 4 7 | 3 6 2 | 1 8 9 
8 9 6 | 4 5 1 | 7 2 3 
3 2 1 | 9 8 7 | 4 6 5 
---------------------
2 8 9 | 6 7 4 | 3 5 1 
6 7 5 | 2 1 3 | 8 9 4 
4 1 3 | 8 9 5 | 2 7 6 
---------------------
9 3 4 | 5 2 8 | 6 1 7 
7 6 8 | 1 4 9 | 5 3 2 
1 5 2 | 7 3 6 | 9 4 8 


Resets: 5
----------
2 1 6 | 8 9 7 | 3 4 5 
8 5 7 | 3 4 1 | 9 6 2 
3 4 9 | 2 6 5 | 1 8 7 
---------------------
7 8 2 | 6 1 3 | 4 5 9 
6 9 4 | 5 7 2 | 8 1 3 
5 3 1 | 9 8 4 | 7 2 6 
---------------------
9 7 8 | 4 2 6 | 5 3 1 
4 2 5 | 1 3 9 | 6 7 8 
1 6 3 | 7 5 8 | 2 9 4 


Resets: 7
----------
3 2 6 | 1 4 5 | 8 7 9 
9 8 4 | 3 6 7 | 2 1 5 
7 5 1 | 2 9 8 | 4 6 3 
---------------------
8 6 3 | 5 2 9 | 7 4 1 
4 7 9 | 8 1 3 | 6 5 2 
2 1 5 | 4 7 6 | 9 3 8 
---------------------
1 3 7 | 9 8 4 | 5 2 6 
6 9 2 | 7 5 1 | 3 8 4 
5 4 8 | 6 3 2 | 1 9 7 


Resets: 1
----------
9 7 3 | 5 2 6 | 1 8 4 
8 6 2 | 4 3 1 | 7 5 9 
5 1 4 | 9 8 7 | 2 3 6 
---------------------
1 5 8 | 3 4 9 | 6 2 7 
3 9 7 | 8 6 2 | 5 4 1 
4 2 6 | 1 7 5 | 3 9 8 
---------------------
6 3 9 | 7 5 4 | 8 1 2 
7 8 1 | 2 9 3 | 4 6 5 
2 4 5 | 6 1 8 | 9 7 3 


Resets: 2
----------
6 3 5 | 9 2 1 | 4 8 7 
9 2 8 | 7 4 3 | 5 1 6 
7 4 1 | 8 5 6 | 3 2 9 
---------------------
3 9 4 | 2 7 8 | 1 6 5 
5 8 7 | 1 6 4 | 2 9 3 
2 1 6 | 3 9 5 | 7 4 8 
---------------------
8 5 9 | 4 3 2 | 6 7 1 
4 7 3 | 6 1 9 | 8 5 2 
1 6 2 | 5 8 7 | 9 3 4 


Resets: 11
----------
5 3 4 | 9 8 7 | 6 1 2 
7 9 8 | 2 6 1 | 4 5 3 
2 1 6 | 4 5 3 | 9 7 8 
---------------------
3 5 1 | 6 9 8 | 7 2 4 
9 8 2 | 7 1 4 | 5 3 6 
4 6 7 | 5 3 2 | 8 9 1 
---------------------
6 2 5 | 3 4 9 | 1 8 7 
1 4 3 | 8 7 5 | 2 6 9 
8 7 9 | 1 2 6 | 3 4 5 


Resets: 8
----------
7 5 1 | 3 4 8 | 9 6 2 
9 3 8 | 2 5 6 | 1 4 7 
2 4 6 | 9 7 1 | 3 8 5 
---------------------
6 2 3 | 4 8 9 | 7 5 1 
4 7 5 | 1 2 3 | 6 9 8 
8 1 9 | 5 6 7 | 2 3 4 
---------------------
1 8 7 | 6 9 5 | 4 2 3 
3 6 4 | 8 1 2 | 5 7 9 
5 9 2 | 7 3 4 | 8 1 6 


Resets: 16
----------
1 3 9 | 8 4 2 | 7 6 5 
2 7 5 | 1 3 6 | 8 4 9 
6 4 8 | 5 7 9 | 1 3 2 
---------------------
5 1 4 | 3 9 8 | 2 7 6 
8 9 6 | 7 2 5 | 3 1 4 
7 2 3 | 6 1 4 | 5 9 8 
---------------------
4 5 1 | 9 8 7 | 6 2 3 
9 8 7 | 2 6 3 | 4 5 1 
3 6 2 | 4 5 1 | 9 8 7 


Resets: 2
----------
1 6 8 | 5 2 7 | 9 4 3 
5 4 2 | 3 9 1 | 8 6 7 
9 3 7 | 4 6 8 | 1 2 5 
---------------------
2 5 3 | 6 1 9 | 7 8 4 
7 1 9 | 8 4 2 | 3 5 6 
6 8 4 | 7 5 3 | 2 1 9 
---------------------
8 9 6 | 2 3 5 | 4 7 1 
3 7 5 | 1 8 4 | 6 9 2 
4 2 1 | 9 7 6 | 5 3 8 


Resets: 13
----------
7 6 5 | 2 3 9 | 4 1 8 
1 8 9 | 4 7 5 | 3 2 6 
3 2 4 | 1 8 6 | 5 9 7 
---------------------
4 7 3 | 5 9 2 | 8 6 1 
8 9 1 | 7 6 4 | 2 5 3 
2 5 6 | 3 1 8 | 7 4 9 
---------------------
6 4 8 | 9 5 7 | 1 3 2 
5 3 7 | 6 2 1 | 9 8 4 
9 1 2 | 8 4 3 | 6 7 5 


Resets: 9
----------
7 5 1 | 9 4 2 | 8 3 6 
2 6 4 | 8 1 3 | 7 5 9 
9 8 3 | 5 7 6 | 4 2 1 
---------------------
3 7 8 | 1 9 4 | 2 6 5 
1 4 2 | 6 3 5 | 9 8 7 
6 9 5 | 2 8 7 | 1 4 3 
---------------------
4 2 9 | 3 5 1 | 6 7 8 
5 1 6 | 7 2 8 | 3 9 4 
8 3 7 | 4 6 9 | 5 1 2 


Resets: 24
----------
4 8 1 | 9 5 7 | 6 3 2 
2 6 7 | 3 1 4 | 9 5 8 
3 5 9 | 8 2 6 | 7 1 4 
---------------------
8 1 2 | 6 7 3 | 4 9 5 
6 9 5 | 1 4 2 | 3 8 7 
7 4 3 | 5 9 8 | 1 2 6 
---------------------
5 7 4 | 2 3 9 | 8 6 1 
1 3 6 | 7 8 5 | 2 4 9 
9 2 8 | 4 6 1 | 5 7 3 


Resets: 10
----------
1 3 6 | 4 9 7 | 5 2 8 
5 7 9 | 1 8 2 | 3 6 4 
4 8 2 | 6 5 3 | 1 7 9 
---------------------
3 6 5 | 2 4 8 | 9 1 7 
7 1 4 | 9 3 6 | 8 5 2 
9 2 8 | 5 7 1 | 4 3 6 
---------------------
8 5 3 | 7 2 4 | 6 9 1 
6 4 7 | 3 1 9 | 2 8 5 
2 9 1 | 8 6 5 | 7 4 3 


Resets: 2
----------
3 5 9 | 4 7 2 | 6 1 8 
1 8 4 | 5 6 3 | 9 7 2 
6 7 2 | 9 8 1 | 3 5 4 
---------------------
9 6 7 | 2 1 5 | 8 4 3 
5 2 3 | 6 4 8 | 1 9 7 
8 4 1 | 3 9 7 | 2 6 5 
---------------------
7 3 8 | 1 5 9 | 4 2 6 
4 9 5 | 8 2 6 | 7 3 1 
2 1 6 | 7 3 4 | 5 8 9 


Resets: 39
----------
8 3 2 | 7 4 1 | 9 6 5 
9 5 4 | 8 6 3 | 7 2 1 
6 7 1 | 2 5 9 | 8 4 3 
---------------------
2 4 8 | 9 1 5 | 3 7 6 
5 1 7 | 6 3 8 | 4 9 2 
3 9 6 | 4 2 7 | 5 1 8 
---------------------
1 2 3 | 5 7 4 | 6 8 9 
4 8 5 | 1 9 6 | 2 3 7 
7 6 9 | 3 8 2 | 1 5 4 


Resets: 3
----------
8 9 1 | 7 6 4 | 2 3 5 
3 6 7 | 9 5 2 | 4 8 1 
5 2 4 | 3 8 1 | 9 6 7 
---------------------
9 4 5 | 8 2 6 | 7 1 3 
6 3 2 | 1 4 7 | 8 5 9 
7 1 8 | 5 9 3 | 6 4 2 
---------------------
2 5 9 | 6 1 8 | 3 7 4 
1 8 3 | 4 7 9 | 5 2 6 
4 7 6 | 2 3 5 | 1 9 8 


Resets: 14
----------
3 2 9 | 7 4 8 | 5 6 1 
7 1 6 | 3 5 9 | 2 4 8 
5 4 8 | 1 6 2 | 9 3 7 
---------------------
9 7 1 | 4 2 6 | 8 5 3 
4 8 2 | 5 3 1 | 6 7 9 
6 3 5 | 8 9 7 | 4 1 2 
---------------------
8 6 7 | 9 1 4 | 3 2 5 
2 9 3 | 6 7 5 | 1 8 4 
1 5 4 | 2 8 3 | 7 9 6 


Resets: 17
----------
6 9 7 | 3 1 4 | 8 2 5 
4 8 3 | 7 2 5 | 1 6 9 
1 5 2 | 8 6 9 | 7 3 4 
---------------------
3 4 8 | 5 7 6 | 9 1 2 
7 1 6 | 2 9 8 | 5 4 3 
9 2 5 | 4 3 1 | 6 8 7 
---------------------
2 6 4 | 1 5 7 | 3 9 8 
8 7 1 | 9 4 3 | 2 5 6 
5 3 9 | 6 8 2 | 4 7 1 


Resets: 18
----------
7 5 4 | 3 1 8 | 2 6 9 
2 8 1 | 9 6 4 | 5 3 7 
9 3 6 | 2 7 5 | 1 4 8 
---------------------
4 6 8 | 1 5 9 | 7 2 3 
3 9 7 | 4 8 2 | 6 1 5 
5 1 2 | 7 3 6 | 8 9 4 
---------------------
8 7 3 | 6 9 1 | 4 5 2 
6 4 5 | 8 2 3 | 9 7 1 
1 2 9 | 5 4 7 | 3 8 6 


Resets: 9
----------
6 2 9 | 4 5 8 | 1 7 3 
7 1 8 | 9 6 3 | 5 4 2 
4 5 3 | 2 1 7 | 9 8 6 
---------------------
9 3 2 | 7 8 5 | 4 6 1 
8 6 5 | 1 9 4 | 2 3 7 
1 4 7 | 3 2 6 | 8 5 9 
---------------------
5 8 1 | 6 3 9 | 7 2 4 
3 9 4 | 5 7 2 | 6 1 8 
2 7 6 | 8 4 1 | 3 9 5 


Resets: 11
----------
1 5 2 | 3 7 6 | 4 8 9 
3 6 9 | 1 4 8 | 7 2 5 
8 7 4 | 2 9 5 | 1 6 3 
---------------------
4 9 7 | 8 5 2 | 3 1 6 
6 2 3 | 4 1 7 | 5 9 8 
5 1 8 | 9 6 3 | 2 7 4 
---------------------
9 8 1 | 5 2 4 | 6 3 7 
7 3 5 | 6 8 1 | 9 4 2 
2 4 6 | 7 3 9 | 8 5 1 


Resets: 16
----------
5 9 7 | 3 4 6 | 2 8 1 
4 6 1 | 2 8 9 | 7 5 3 
2 3 8 | 1 7 5 | 4 6 9 
---------------------
1 7 5 | 9 3 4 | 8 2 6 
8 4 9 | 5 6 2 | 1 3 7 
3 2 6 | 8 1 7 | 9 4 5 
---------------------
9 1 3 | 4 5 8 | 6 7 2 
7 5 4 | 6 2 1 | 3 9 8 
6 8 2 | 7 9 3 | 5 1 4 


Resets: 17
----------
5 3 1 | 4 6 7 | 9 2 8 
7 2 8 | 9 1 3 | 5 4 6 
9 4 6 | 5 2 8 | 3 7 1 
---------------------
1 8 2 | 3 5 6 | 7 9 4 
4 6 5 | 8 7 9 | 2 1 3 
3 9 7 | 2 4 1 | 8 6 5 
---------------------
2 1 9 | 6 8 5 | 4 3 7 
8 7 4 | 1 3 2 | 6 5 9 
6 5 3 | 7 9 4 | 1 8 2 


Resets: 6
----------
8 5 2 | 6 1 9 | 4 7 3 
3 9 4 | 5 7 8 | 1 6 2 
1 7 6 | 2 4 3 | 9 8 5 
---------------------
7 2 3 | 8 6 1 | 5 4 9 
9 4 8 | 3 2 5 | 7 1 6 
6 1 5 | 7 9 4 | 2 3 8 
---------------------
4 8 1 | 9 3 2 | 6 5 7 
5 6 9 | 1 8 7 | 3 2 4 
2 3 7 | 4 5 6 | 8 9 1 


Resets: 3
----------
2 3 1 | 7 5 6 | 4 8 9 
8 6 7 | 4 9 3 | 5 2 1 
9 5 4 | 1 8 2 | 3 7 6 
---------------------
6 1 5 | 8 4 9 | 7 3 2 
7 9 8 | 2 3 5 | 6 1 4 
4 2 3 | 6 1 7 | 9 5 8 
---------------------
5 7 2 | 9 6 1 | 8 4 3 
3 4 6 | 5 2 8 | 1 9 7 
1 8 9 | 3 7 4 | 2 6 5 


Resets: 9
----------
5 7 2 | 6 8 4 | 1 9 3 
4 9 3 | 1 2 5 | 8 6 7 
8 1 6 | 7 3 9 | 4 5 2 
---------------------
3 2 5 | 9 1 8 | 7 4 6 
9 4 7 | 5 6 2 | 3 1 8 
1 6 8 | 3 4 7 | 9 2 5 
---------------------
7 5 4 | 8 9 6 | 2 3 1 
6 3 9 | 2 7 1 | 5 8 4 
2 8 1 | 4 5 3 | 6 7 9 


Resets: 11
----------
4 5 8 | 7 1 9 | 2 6 3 
3 7 9 | 6 5 2 | 8 1 4 
1 2 6 | 8 3 4 | 7 9 5 
---------------------
5 8 3 | 2 9 7 | 1 4 6 
9 6 1 | 5 4 8 | 3 7 2 
7 4 2 | 1 6 3 | 5 8 9 
---------------------
2 1 4 | 9 8 5 | 6 3 7 
6 3 5 | 4 7 1 | 9 2 8 
8 9 7 | 3 2 6 | 4 5 1 


Resets: 11
----------
4 9 6 | 1 2 3 | 8 7 5 
5 1 7 | 6 4 8 | 9 2 3 
2 3 8 | 5 7 9 | 1 4 6 
---------------------
3 8 2 | 4 9 6 | 7 5 1 
7 5 4 | 2 3 1 | 6 9 8 
1 6 9 | 7 8 5 | 2 3 4 
---------------------
9 7 3 | 8 1 4 | 5 6 2 
8 4 5 | 9 6 2 | 3 1 7 
6 2 1 | 3 5 7 | 4 8 9 


Resets: 20
----------
3 8 9 | 2 5 6 | 1 4 7 
1 5 7 | 8 4 3 | 9 2 6 
2 6 4 | 1 7 9 | 3 8 5 
---------------------
6 7 5 | 4 9 1 | 2 3 8 
4 2 1 | 6 3 8 | 7 5 9 
9 3 8 | 5 2 7 | 4 6 1 
---------------------
5 1 2 | 7 6 4 | 8 9 3 
8 4 3 | 9 1 5 | 6 7 2 
7 9 6 | 3 8 2 | 5 1 4 


Resets: 3
----------
7 8 3 | 9 5 1 | 2 6 4 
6 5 1 | 2 8 4 | 3 7 9 
9 4 2 | 7 3 6 | 1 8 5 
---------------------
2 7 6 | 5 9 8 | 4 1 3 
5 3 4 | 6 1 2 | 8 9 7 
8 1 9 | 3 4 7 | 5 2 6 
---------------------
1 2 5 | 4 7 9 | 6 3 8 
3 6 7 | 8 2 5 | 9 4 1 
4 9 8 | 1 6 3 | 7 5 2 


Resets: 6
----------
4 2 6 | 1 7 3 | 8 9 5 
7 3 5 | 8 4 9 | 1 2 6 
8 1 9 | 6 5 2 | 3 7 4 
---------------------
6 4 7 | 9 2 8 | 5 1 3 
5 9 3 | 7 6 1 | 4 8 2 
2 8 1 | 4 3 5 | 7 6 9 
---------------------
3 7 2 | 5 8 6 | 9 4 1 
1 6 8 | 3 9 4 | 2 5 7 
9 5 4 | 2 1 7 | 6 3 8 


Resets: 6
----------
1 3 8 | 2 5 9 | 7 6 4 
7 4 2 | 1 8 6 | 3 5 9 
6 5 9 | 4 3 7 | 2 1 8 
---------------------
5 8 1 | 9 7 3 | 6 4 2 
3 2 4 | 8 6 1 | 5 9 7 
9 7 6 | 5 2 4 | 1 8 3 
---------------------
8 1 7 | 3 4 5 | 9 2 6 
4 9 3 | 6 1 2 | 8 7 5 
2 6 5 | 7 9 8 | 4 3 1 


Resets: 24
----------
5 7 6 | 8 4 1 | 2 3 9 
2 8 1 | 9 3 6 | 4 7 5 
4 3 9 | 7 5 2 | 1 8 6 
---------------------
7 6 4 | 1 9 3 | 8 5 2 
8 5 3 | 6 2 7 | 9 4 1 
9 1 2 | 5 8 4 | 7 6 3 
---------------------
1 9 8 | 3 7 5 | 6 2 4 
6 2 5 | 4 1 8 | 3 9 7 
3 4 7 | 2 6 9 | 5 1 8 


Resets: 6
----------
1 8 9 | 7 3 6 | 4 2 5 
3 4 2 | 5 1 9 | 8 7 6 
6 5 7 | 4 8 2 | 1 9 3 
---------------------
8 6 3 | 9 4 1 | 2 5 7 
2 7 1 | 6 5 8 | 3 4 9 
4 9 5 | 2 7 3 | 6 8 1 
---------------------
9 1 4 | 8 6 7 | 5 3 2 
7 3 8 | 1 2 5 | 9 6 4 
5 2 6 | 3 9 4 | 7 1 8 


Resets: 4
----------
6 2 9 | 7 1 5 | 4 3 8 
8 7 1 | 2 3 4 | 6 9 5 
4 5 3 | 8 9 6 | 2 7 1 
---------------------
3 9 5 | 4 7 2 | 8 1 6 
2 6 4 | 3 8 1 | 7 5 9 
1 8 7 | 6 5 9 | 3 2 4 
---------------------
9 3 8 | 1 6 7 | 5 4 2 
5 4 6 | 9 2 3 | 1 8 7 
7 1 2 | 5 4 8 | 9 6 3 


Resets: 2
----------
4 7 5 | 8 6 9 | 3 2 1 
8 1 6 | 2 5 3 | 7 9 4 
9 3 2 | 1 7 4 | 6 5 8 
---------------------
5 8 1 | 9 3 7 | 2 4 6 
7 9 4 | 6 2 1 | 5 8 3 
2 6 3 | 4 8 5 | 1 7 9 
---------------------
3 2 8 | 7 9 6 | 4 1 5 
6 4 7 | 5 1 8 | 9 3 2 
1 5 9 | 3 4 2 | 8 6 7 


Resets: 10
----------
2 4 3 | 9 8 5 | 1 6 7 
1 5 7 | 4 6 3 | 8 9 2 
9 8 6 | 2 7 1 | 3 4 5 
---------------------
8 9 4 | 7 2 6 | 5 3 1 
3 7 1 | 5 9 8 | 4 2 6 
5 6 2 | 1 3 4 | 7 8 9 
---------------------
7 3 8 | 6 1 2 | 9 5 4 
6 1 5 | 3 4 9 | 2 7 8 
4 2 9 | 8 5 7 | 6 1 3 


Resets: 4
----------
5 2 7 | 4 9 8 | 6 3 1 
9 8 1 | 3 7 6 | 4 2 5 
4 6 3 | 2 5 1 | 7 9 8 
---------------------
2 9 4 | 1 6 3 | 5 8 7 
7 1 8 | 5 4 2 | 9 6 3 
3 5 6 | 9 8 7 | 2 1 4 
---------------------
6 4 5 | 8 1 9 | 3 7 2 
8 3 9 | 7 2 4 | 1 5 6 
1 7 2 | 6 3 5 | 8 4 9 


Resets: 8
----------
1 3 2 | 7 6 4 | 9 8 5 
4 9 7 | 3 8 5 | 2 1 6 
8 6 5 | 1 9 2 | 7 3 4 
---------------------
5 1 4 | 6 7 9 | 8 2 3 
2 8 9 | 4 3 1 | 6 5 7 
3 7 6 | 2 5 8 | 4 9 1 
---------------------
9 4 3 | 8 1 6 | 5 7 2 
7 2 8 | 5 4 3 | 1 6 9 
6 5 1 | 9 2 7 | 3 4 8 


Resets: 10
----------
9 7 8 | 6 5 4 | 2 3 1 
4 6 5 | 3 1 2 | 9 8 7 
3 1 2 | 7 9 8 | 4 5 6 
---------------------
8 2 9 | 1 6 7 | 5 4 3 
6 5 4 | 9 2 3 | 7 1 8 
1 3 7 | 8 4 5 | 6 2 9 
---------------------
2 8 3 | 5 7 9 | 1 6 4 
7 4 1 | 2 8 6 | 3 9 5 
5 9 6 | 4 3 1 | 8 7 2 


Resets: 1
----------
3 1 7 | 5 6 4 | 9 8 2 
5 4 8 | 7 2 9 | 3 6 1 
2 6 9 | 3 8 1 | 7 4 5 
---------------------
7 5 1 | 6 9 8 | 2 3 4 
4 9 6 | 2 3 7 | 5 1 8 
8 2 3 | 4 1 5 | 6 7 9 
---------------------
9 7 4 | 8 5 6 | 1 2 3 
6 3 5 | 1 4 2 | 8 9 7 
1 8 2 | 9 7 3 | 4 5 6 


Resets: 21
----------
5 8 9 | 7 1 2 | 4 3 6 
7 4 1 | 6 3 9 | 5 8 2 
2 6 3 | 5 8 4 | 9 7 1 
---------------------
3 7 2 | 4 5 1 | 6 9 8 
1 9 4 | 3 6 8 | 7 2 5 
8 5 6 | 2 9 7 | 1 4 3 
---------------------
6 1 7 | 9 2 3 | 8 5 4 
4 2 8 | 1 7 5 | 3 6 9 
9 3 5 | 8 4 6 | 2 1 7 


Resets: 28
----------
9 8 1 | 7 6 5 | 4 2 3 
7 6 4 | 3 8 2 | 1 5 9 
3 5 2 | 4 1 9 | 8 7 6 
---------------------
2 9 3 | 1 4 8 | 5 6 7 
5 4 7 | 6 9 3 | 2 8 1 
6 1 8 | 2 5 7 | 9 3 4 
---------------------
1 2 9 | 8 7 6 | 3 4 5 
8 7 5 | 9 3 4 | 6 1 2 
4 3 6 | 5 2 1 | 7 9 8 


Resets: 13
----------
9 6 7 | 2 1 5 | 4 3 8 
2 4 3 | 6 8 7 | 9 1 5 
5 8 1 | 3 4 9 | 6 7 2 
---------------------
1 5 9 | 7 6 4 | 2 8 3 
8 3 4 | 9 5 2 | 7 6 1 
6 7 2 | 1 3 8 | 5 4 9 
---------------------
7 1 8 | 5 9 6 | 3 2 4 
3 9 6 | 4 2 1 | 8 5 7 
4 2 5 | 8 7 3 | 1 9 6 


Resets: 2
----------
3 5 6 | 8 9 4 | 1 7 2 
8 2 1 | 5 7 6 | 3 9 4 
4 9 7 | 3 1 2 | 5 6 8 
---------------------
6 1 8 | 4 2 7 | 9 5 3 
9 3 5 | 1 6 8 | 4 2 7 
2 7 4 | 9 3 5 | 8 1 6 
---------------------
1 4 2 | 6 5 3 | 7 8 9 
7 8 9 | 2 4 1 | 6 3 5 
5 6 3 | 7 8 9 | 2 4 1 


Resets: 8
----------
2 7 8 | 5 3 6 | 4 1 9 
6 5 9 | 1 4 7 | 2 8 3 
3 4 1 | 9 2 8 | 5 7 6 
---------------------
8 2 4 | 6 5 9 | 1 3 7 
9 6 7 | 2 1 3 | 8 5 4 
5 1 3 | 8 7 4 | 6 9 2 
---------------------
1 3 2 | 4 9 5 | 7 6 8 
7 8 5 | 3 6 2 | 9 4 1 
4 9 6 | 7 8 1 | 3 2 5 


Resets: 41
----------
7 5 9 | 8 6 3 | 1 4 2 
6 2 4 | 1 7 9 | 3 5 8 
3 1 8 | 2 5 4 | 9 6 7 
---------------------
5 7 1 | 3 9 2 | 6 8 4 
9 4 3 | 6 8 5 | 7 2 1 
8 6 2 | 4 1 7 | 5 3 9 
---------------------
2 8 7 | 9 3 6 | 4 1 5 
1 9 6 | 5 4 8 | 2 7 3 
4 3 5 | 7 2 1 | 8 9 6 


Resets: 0
----------
7 6 1 | 9 4 8 | 5 2 3 
3 8 9 | 5 2 1 | 6 4 7 
2 5 4 | 7 6 3 | 9 1 8 
---------------------
6 2 7 | 3 5 4 | 8 9 1 
8 4 3 | 2 1 9 | 7 6 5 
1 9 5 | 6 8 7 | 2 3 4 
---------------------
4 3 6 | 8 7 2 | 1 5 9 
9 7 2 | 1 3 5 | 4 8 6 
5 1 8 | 4 9 6 | 3 7 2 


Resets: 10
----------
4 6 9 | 3 5 7 | 1 2 8 
1 8 3 | 2 6 4 | 7 5 9 
7 5 2 | 8 1 9 | 6 3 4 
---------------------
9 7 1 | 5 3 2 | 8 4 6 
2 4 6 | 1 7 8 | 3 9 5 
8 3 5 | 4 9 6 | 2 1 7 
---------------------
3 9 8 | 6 2 5 | 4 7 1 
6 1 7 | 9 4 3 | 5 8 2 
5 2 4 | 7 8 1 | 9 6 3 


Resets: 13
----------
7 4 1 | 9 8 6 | 5 2 3 
2 5 6 | 7 1 3 | 8 9 4 
8 9 3 | 5 2 4 | 1 6 7 
---------------------
4 2 5 | 1 6 8 | 3 7 9 
6 3 9 | 2 5 7 | 4 8 1 
1 7 8 | 3 4 9 | 2 5 6 
---------------------
5 6 7 | 4 3 2 | 9 1 8 
3 8 2 | 6 9 1 | 7 4 5 
9 1 4 | 8 7 5 | 6 3 2 


Resets: 27
----------
7 3 9 | 1 4 2 | 6 8 5 
5 1 4 | 3 8 6 | 7 9 2 
8 6 2 | 7 5 9 | 4 1 3 
---------------------
1 5 8 | 6 7 3 | 2 4 9 
2 7 3 | 8 9 4 | 5 6 1 
9 4 6 | 2 1 5 | 3 7 8 
---------------------
6 8 5 | 4 3 1 | 9 2 7 
4 9 1 | 5 2 7 | 8 3 6 
3 2 7 | 9 6 8 | 1 5 4 


Resets: 23
----------
2 5 6 | 9 8 7 | 4 3 1 
3 1 8 | 4 2 6 | 9 7 5 
9 4 7 | 5 3 1 | 2 8 6 
---------------------
1 8 3 | 2 4 9 | 5 6 7 
5 6 9 | 1 7 8 | 3 2 4 
7 2 4 | 6 5 3 | 1 9 8 
---------------------
6 9 2 | 7 1 4 | 8 5 3 
8 7 1 | 3 9 5 | 6 4 2 
4 3 5 | 8 6 2 | 7 1 9 


Resets: 4
----------
2 4 7 | 1 5 6 | 3 8 9 
5 9 1 | 4 3 8 | 6 7 2 
6 3 8 | 2 9 7 | 4 5 1 
---------------------
1 5 3 | 7 6 9 | 8 2 4 
4 7 6 | 8 2 1 | 9 3 5 
9 8 2 | 5 4 3 | 1 6 7 
---------------------
7 6 4 | 9 8 5 | 2 1 3 
8 1 9 | 3 7 2 | 5 4 6 
3 2 5 | 6 1 4 | 7 9 8 


Resets: 9
----------
5 8 6 | 2 9 7 | 3 4 1 
7 9 3 | 5 4 1 | 2 6 8 
4 1 2 | 8 3 6 | 5 9 7 
---------------------
8 3 9 | 4 2 5 | 7 1 6 
2 5 1 | 7 6 8 | 4 3 9 
6 7 4 | 9 1 3 | 8 5 2 
---------------------
3 6 8 | 1 5 2 | 9 7 4 
9 2 5 | 6 7 4 | 1 8 3 
1 4 7 | 3 8 9 | 6 2 5 


Resets: 8
----------
8 6 5 | 7 1 3 | 9 4 2 
4 1 3 | 5 2 9 | 7 8 6 
2 9 7 | 8 6 4 | 3 1 5 
---------------------
9 5 8 | 1 4 2 | 6 7 3 
6 3 2 | 9 8 7 | 4 5 1 
1 7 4 | 3 5 6 | 2 9 8 
---------------------
7 8 9 | 2 3 5 | 1 6 4 
5 2 6 | 4 9 1 | 8 3 7 
3 4 1 | 6 7 8 | 5 2 9 


Resets: 17
----------
8 6 3 | 1 5 4 | 7 2 9 
5 9 7 | 8 2 3 | 4 6 1 
1 4 2 | 7 6 9 | 5 8 3 
---------------------
4 7 9 | 3 8 1 | 2 5 6 
3 5 8 | 2 4 6 | 1 9 7 
6 2 1 | 5 9 7 | 3 4 8 
---------------------
2 1 4 | 9 3 8 | 6 7 5 
7 8 6 | 4 1 5 | 9 3 2 
9 3 5 | 6 7 2 | 8 1 4 


Resets: 11
----------
1 8 7 | 4 9 6 | 2 3 5 
4 9 3 | 8 5 2 | 1 7 6 
6 5 2 | 3 7 1 | 4 8 9 
---------------------
5 7 4 | 9 1 8 | 6 2 3 
9 3 1 | 2 6 5 | 8 4 7 
2 6 8 | 7 4 3 | 5 9 1 
---------------------
8 2 5 | 6 3 9 | 7 1 4 
3 4 6 | 1 2 7 | 9 5 8 
7 1 9 | 5 8 4 | 3 6 2 


Resets: 5
----------
8 6 1 | 2 7 9 | 5 3 4 
7 3 4 | 8 1 5 | 2 6 9 
2 9 5 | 3 4 6 | 1 7 8 
---------------------
3 4 7 | 9 6 2 | 8 5 1 
1 5 9 | 7 8 3 | 6 4 2 
6 8 2 | 1 5 4 | 3 9 7 
---------------------
4 2 3 | 6 9 8 | 7 1 5 
9 7 8 | 5 3 1 | 4 2 6 
5 1 6 | 4 2 7 | 9 8 3 


Resets: 5
----------
6 7 9 | 8 3 4 | 5 1 2 
5 4 8 | 1 7 2 | 9 6 3 
2 3 1 | 6 5 9 | 8 4 7 
---------------------
1 8 4 | 9 2 5 | 7 3 6 
7 5 2 | 3 1 6 | 4 8 9 
3 9 6 | 7 4 8 | 2 5 1 
---------------------
9 1 7 | 4 8 3 | 6 2 5 
4 6 5 | 2 9 1 | 3 7 8 
8 2 3 | 5 6 7 | 1 9 4 


Resets: 5
----------
8 4 5 | 2 9 1 | 3 6 7 
3 9 7 | 4 5 6 | 1 2 8 
2 6 1 | 8 7 3 | 5 4 9 
---------------------
4 1 9 | 6 2 8 | 7 3 5 
6 5 3 | 9 4 7 | 8 1 2 
7 8 2 | 3 1 5 | 4 9 6 
---------------------
9 7 4 | 5 3 2 | 6 8 1 
5 2 8 | 1 6 4 | 9 7 3 
1 3 6 | 7 8 9 | 2 5 4 


Resets: 29
----------
3 7 5 | 4 9 8 | 2 6 1 
4 2 8 | 6 3 1 | 7 9 5 
1 6 9 | 5 7 2 | 4 8 3 
---------------------
5 8 7 | 9 1 4 | 3 2 6 
2 4 3 | 8 5 6 | 9 1 7 
9 1 6 | 7 2 3 | 8 5 4 
---------------------
7 3 2 | 1 6 9 | 5 4 8 
6 5 4 | 2 8 7 | 1 3 9 
8 9 1 | 3 4 5 | 6 7 2 


Resets: 3
----------
9 3 6 | 4 7 2 | 5 1 8 
2 5 1 | 6 8 9 | 3 7 4 
8 7 4 | 3 1 5 | 2 9 6 
---------------------
5 6 3 | 7 9 4 | 8 2 1 
4 2 8 | 1 3 6 | 9 5 7 
1 9 7 | 5 2 8 | 6 4 3 
---------------------
7 4 2 | 8 5 3 | 1 6 9 
3 1 9 | 2 6 7 | 4 8 5 
6 8 5 | 9 4 1 | 7 3 2 


Resets: 27
----------
8 2 3 | 4 9 7 | 1 5 6 
7 9 4 | 1 6 5 | 3 8 2 
5 1 6 | 3 8 2 | 7 4 9 
---------------------
4 7 2 | 8 5 9 | 6 3 1 
1 3 5 | 7 4 6 | 9 2 8 
9 6 8 | 2 1 3 | 4 7 5 
---------------------
6 5 7 | 9 3 8 | 2 1 4 
2 8 1 | 6 7 4 | 5 9 3 
3 4 9 | 5 2 1 | 8 6 7 


Resets: 0
----------
5 8 3 | 7 1 6 | 9 2 4 
2 9 7 | 3 8 4 | 1 5 6 
1 4 6 | 2 9 5 | 7 3 8 
---------------------
7 1 2 | 4 5 3 | 8 6 9 
8 6 9 | 1 7 2 | 3 4 5 
4 3 5 | 9 6 8 | 2 1 7 
---------------------
6 5 1 | 8 3 7 | 4 9 2 
3 2 8 | 6 4 9 | 5 7 1 
9 7 4 | 5 2 1 | 6 8 3 


Resets: 27
----------
1 7 4 | 3 9 5 | 8 2 6 
6 9 8 | 7 2 1 | 4 5 3 
2 3 5 | 4 8 6 | 1 7 9 
---------------------
8 5 6 | 1 3 7 | 2 9 4 
9 4 3 | 2 5 8 | 6 1 7 
7 1 2 | 9 6 4 | 3 8 5 
---------------------
5 6 9 | 8 4 2 | 7 3 1 
4 8 1 | 5 7 3 | 9 6 2 
3 2 7 | 6 1 9 | 5 4 8 


Resets: 6
----------
4 3 7 | 5 2 9 | 8 1 6 
6 1 9 | 4 7 8 | 3 5 2 
5 2 8 | 6 3 1 | 7 4 9 
---------------------
3 5 2 | 7 4 6 | 1 9 8 
1 7 4 | 8 9 5 | 2 6 3 
9 8 6 | 2 1 3 | 4 7 5 
---------------------
2 6 5 | 1 8 7 | 9 3 4 
7 4 3 | 9 6 2 | 5 8 1 
8 9 1 | 3 5 4 | 6 2 7 


Resets: 27
----------
4 5 3 | 1 7 8 | 2 6 9 
2 9 7 | 5 6 4 | 1 3 8 
6 8 1 | 2 3 9 | 4 5 7 
---------------------
1 2 8 | 3 4 6 | 7 9 5 
3 6 9 | 7 1 5 | 8 4 2 
7 4 5 | 9 8 2 | 3 1 6 
---------------------
5 7 4 | 6 2 1 | 9 8 3 
9 1 2 | 8 5 3 | 6 7 4 
8 3 6 | 4 9 7 | 5 2 1 


Resets: 0
----------
6 7 8 | 5 3 4 | 2 1 9 
1 2 4 | 9 6 7 | 3 5 8 
5 9 3 | 1 2 8 | 4 6 7 
---------------------
9 4 6 | 8 7 2 | 5 3 1 
8 3 5 | 4 1 9 | 6 7 2 
7 1 2 | 6 5 3 | 9 8 4 
---------------------
2 6 9 | 3 8 1 | 7 4 5 
3 8 7 | 2 4 5 | 1 9 6 
4 5 1 | 7 9 6 | 8 2 3 


Resets: 55
----------
6 4 9 | 7 1 2 | 8 3 5 
7 8 5 | 6 3 9 | 4 1 2 
3 2 1 | 4 5 8 | 6 9 7 
---------------------
2 9 4 | 5 7 1 | 3 6 8 
8 3 6 | 2 9 4 | 7 5 1 
5 1 7 | 3 8 6 | 2 4 9 
---------------------
9 7 2 | 1 6 3 | 5 8 4 
4 6 8 | 9 2 5 | 1 7 3 
1 5 3 | 8 4 7 | 9 2 6 


Resets: 5
----------
3 2 4 | 8 7 1 | 9 6 5 
1 8 9 | 6 3 5 | 7 2 4 
7 5 6 | 2 4 9 | 8 1 3 
---------------------
9 4 2 | 7 8 3 | 1 5 6 
5 6 7 | 1 9 2 | 3 4 8 
8 1 3 | 4 5 6 | 2 7 9 
---------------------
4 7 5 | 9 1 8 | 6 3 2 
2 3 8 | 5 6 7 | 4 9 1 
6 9 1 | 3 2 4 | 5 8 7 


Resets: 16
----------
4 7 3 | 9 6 8 | 5 1 2 
6 2 9 | 5 7 1 | 8 3 4 
8 5 1 | 3 2 4 | 9 6 7 
---------------------
1 8 4 | 7 3 2 | 6 9 5 
7 9 6 | 4 8 5 | 3 2 1 
2 3 5 | 1 9 6 | 7 4 8 
---------------------
3 1 8 | 6 4 7 | 2 5 9 
5 6 2 | 8 1 9 | 4 7 3 
9 4 7 | 2 5 3 | 1 8 6 


Resets: 14
----------
6 7 8 | 2 3 4 | 5 9 1 
3 5 9 | 1 6 7 | 8 2 4 
2 1 4 | 8 5 9 | 7 6 3 
---------------------
5 6 3 | 7 8 1 | 9 4 2 
9 4 7 | 5 2 6 | 1 3 8 
1 8 2 | 4 9 3 | 6 5 7 
---------------------
4 2 5 | 9 7 8 | 3 1 6 
8 3 1 | 6 4 5 | 2 7 9 
7 9 6 | 3 1 2 | 4 8 5 


Resets: 6
----------
7 9 1 | 5 8 3 | 2 6 4 
5 4 3 | 2 6 1 | 9 7 8 
2 6 8 | 4 9 7 | 3 1 5 
---------------------
4 5 6 | 9 7 2 | 1 8 3 
8 1 7 | 3 4 6 | 5 2 9 
9 3 2 | 8 1 5 | 7 4 6 
---------------------
6 2 9 | 7 5 8 | 4 3 1 
1 7 5 | 6 3 4 | 8 9 2 
3 8 4 | 1 2 9 | 6 5 7 


Resets: 52
----------
2 7 3 | 5 4 1 | 6 8 9 
9 6 1 | 7 2 8 | 4 5 3 
4 8 5 | 3 9 6 | 7 1 2 
---------------------
7 1 6 | 4 3 2 | 8 9 5 
8 5 4 | 9 1 7 | 3 2 6 
3 2 9 | 6 8 5 | 1 7 4 
---------------------
5 4 2 | 1 7 3 | 9 6 8 
1 9 8 | 2 6 4 | 5 3 7 
6 3 7 | 8 5 9 | 2 4 1 


Resets: 18
----------
3 2 8 | 6 7 1 | 9 5 4 
9 6 1 | 4 8 5 | 3 2 7 
5 7 4 | 9 3 2 | 1 6 8 
---------------------
7 5 9 | 1 2 3 | 4 8 6 
8 4 6 | 5 9 7 | 2 1 3 
2 1 3 | 8 4 6 | 5 7 9 
---------------------
1 8 5 | 3 6 4 | 7 9 2 
6 3 2 | 7 5 9 | 8 4 1 
4 9 7 | 2 1 8 | 6 3 5 


Resets: 21
----------
2 4 6 | 8 1 3 | 7 5 9 
1 9 5 | 4 2 7 | 8 3 6 
3 7 8 | 9 5 6 | 1 4 2 
---------------------
9 6 4 | 1 7 8 | 5 2 3 
5 2 1 | 6 3 4 | 9 8 7 
8 3 7 | 5 9 2 | 4 6 1 
---------------------
7 5 2 | 3 8 9 | 6 1 4 
4 1 9 | 2 6 5 | 3 7 8 
6 8 3 | 7 4 1 | 2 9 5 


Resets: 1
----------
4 2 5 | 8 3 7 | 1 9 6 
6 8 9 | 4 5 1 | 3 7 2 
3 7 1 | 2 9 6 | 5 4 8 
---------------------
8 4 6 | 3 2 5 | 7 1 9 
7 5 3 | 1 6 9 | 8 2 4 
9 1 2 | 7 4 8 | 6 3 5 
---------------------
5 3 4 | 6 1 2 | 9 8 7 
2 6 7 | 9 8 3 | 4 5 1 
1 9 8 | 5 7 4 | 2 6 3 


Resets: 3
----------
1 2 8 | 7 4 5 | 3 9 6 
9 5 4 | 8 3 6 | 1 2 7 
6 3 7 | 9 1 2 | 5 8 4 
---------------------
4 6 5 | 2 8 3 | 9 7 1 
8 9 1 | 5 6 7 | 2 4 3 
2 7 3 | 1 9 4 | 6 5 8 
---------------------
3 8 6 | 4 2 9 | 7 1 5 
5 4 2 | 3 7 1 | 8 6 9 
7 1 9 | 6 5 8 | 4 3 2 


Resets: 14
----------
9 4 5 | 6 2 1 | 8 3 7 
2 6 3 | 9 7 8 | 5 4 1 
7 1 8 | 5 3 4 | 6 2 9 
---------------------
3 7 6 | 8 4 9 | 2 1 5 
5 2 9 | 3 1 7 | 4 6 8 
1 8 4 | 2 5 6 | 9 7 3 
---------------------
4 5 7 | 1 9 2 | 3 8 6 
6 3 1 | 4 8 5 | 7 9 2 
8 9 2 | 7 6 3 | 1 5 4 


Resets: 36
----------
4 2 7 | 3 9 1 | 6 8 5 
6 9 8 | 4 2 5 | 1 7 3 
5 3 1 | 6 7 8 | 4 2 9 
---------------------
2 7 9 | 5 1 6 | 8 3 4 
8 6 3 | 2 4 7 | 9 5 1 
1 4 5 | 9 8 3 | 7 6 2 
---------------------
9 5 2 | 7 6 4 | 3 1 8 
3 1 6 | 8 5 9 | 2 4 7 
7 8 4 | 1 3 2 | 5 9 6 


Resets: 0
----------
8 1 9 | 4 5 2 | 7 6 3 
6 3 7 | 1 9 8 | 2 5 4 
4 5 2 | 6 3 7 | 1 9 8 
---------------------
2 4 3 | 8 7 5 | 6 1 9 
1 7 5 | 9 6 4 | 8 3 2 
9 8 6 | 3 2 1 | 5 4 7 
---------------------
5 9 8 | 7 4 6 | 3 2 1 
3 2 1 | 5 8 9 | 4 7 6 
7 6 4 | 2 1 3 | 9 8 5 


Resets: 10
----------
8 7 6 | 9 1 5 | 3 4 2 
5 2 3 | 7 6 4 | 8 9 1 
1 4 9 | 8 2 3 | 7 5 6 
---------------------
4 3 5 | 1 7 2 | 6 8 9 
9 6 2 | 5 3 8 | 4 1 7 
7 8 1 | 6 4 9 | 5 2 3 
---------------------
3 1 4 | 2 5 7 | 9 6 8 
2 9 7 | 4 8 6 | 1 3 5 
6 5 8 | 3 9 1 | 2 7 4 


Resets: 14
----------
5 7 1 | 4 8 6 | 3 2 9 
6 4 9 | 3 2 5 | 1 8 7 
3 8 2 | 7 9 1 | 6 4 5 
---------------------
2 5 8 | 9 3 7 | 4 1 6 
7 9 6 | 8 1 4 | 5 3 2 
4 1 3 | 6 5 2 | 7 9 8 
---------------------
1 6 4 | 2 7 8 | 9 5 3 
9 2 7 | 5 4 3 | 8 6 1 
8 3 5 | 1 6 9 | 2 7 4 


